target,prediction_0,prediction_1,prediction_2,prediction_3,prediction_4
4,0.0,0.0,0.017438999137651737,0.07444752792473341,0.9081134729376149
1,0.1194296635279261,0.5499756846228794,0.26249896947838036,0.05114481407859899,0.01695086829221525
2,0.06721398563521197,0.29305473784482006,0.3058955198309874,0.19431628843140747,0.13951946825757305
2,0.02212401669578745,0.07880074156231635,0.2970684910486312,0.3531423395897151,0.24886441110354965
1,0.14496279549945013,0.541877334216672,0.24025942867569877,0.05040566933966641,0.022494772268512677
1,0.05757212637458738,0.44233596810922227,0.36533184962740683,0.11637452317393837,0.01838553271484522
4,0.0004884004884004884,0.0013856194890677648,0.004648285949591375,0.03789708270615953,0.9555806113667809
4,0.06094708736058622,0.2312759203128822,0.28683127552934207,0.25262946304444533,0.1683162537527441
3,0.05441664238946754,0.2184402424393001,0.22470792274556667,0.30988762366598893,0.19254756875967685
1,0.0406113613815963,0.44172201080911283,0.358627940792402,0.11514292072511609,0.04389576629177245
3,0.08458561352128033,0.2519407111840934,0.3380608388578017,0.18989410666987974,0.1355187297669448
3,0.03345462269667467,0.11442802189917661,0.29418399066850487,0.2082659062810559,0.3496674584545879
4,0.0,0.0038277511961722485,0.010076901202972194,0.02907268170426065,0.957022665896595
3,0.03890225004371006,0.2644141594189019,0.35114197934012104,0.25800304014846426,0.08753857104880244
2,0.11647120284348483,0.28607085211655725,0.33150449731014486,0.11176780605240776,0.1541856416774055
2,0.015769317267594608,0.36305625701284927,0.37103650613936007,0.23313936156472614,0.0169985580154698
4,0.0004884004884004884,0.0013856194890677648,0.0043735606748661,0.04387443508314863,0.949877984264517
4,0.043778120315765535,0.2346633324653029,0.32039530496274954,0.20704236281058788,0.19412087944559409
2,0.0629869594547551,0.2589556746247164,0.25884354309367424,0.23969107200037743,0.17952275082647703
1,0.04162907468555614,0.43591808765349066,0.3786847661521567,0.12457193366059985,0.019196137848196695
4,0.00047846889952153106,0.00699202265240001,0.042567856057614754,0.16383813058043503,0.7861235218100286
1,0.05637574837779049,0.4365173621515356,0.3332469641482974,0.12400018145827621,0.04985974386410038
0,0.11294530924662606,0.5188551932687575,0.2663930315699976,0.07743977025333541,0.02436669566128332
2,0.060174404570237774,0.44803191399949077,0.27664592908378716,0.13281336285070638,0.08233438949577788
2,0.112733385195318,0.4687259715327569,0.3282377894807967,0.07247000929900282,0.017832844492125462
1,0.08656791231663923,0.24406512637839956,0.2903572509591225,0.12490904838647751,0.25410066195936104
4,0.04262615549031691,0.3145651808414066,0.34963111347418724,0.18007489932830015,0.11310265086578918
2,0.09907461472204786,0.18336944989236872,0.4032029694393493,0.21547487059743856,0.09887809534879555
1,0.04906428492734397,0.4300891475196746,0.38951364873694666,0.11210699911605469,0.019225919699980054
4,0.0023962474609630358,0.056275982836314006,0.249007090065008,0.2604436259220323,0.4318770537156824
0,0.16149461100491486,0.23135330463196382,0.27220959932528505,0.19946473233476245,0.13547775270307372
1,0.03649090307278667,0.43940746694758875,0.37776416937183355,0.12618509388974725,0.02015236671804368
1,0.07740968247709942,0.2726409060250476,0.3238693259905006,0.18990422093816262,0.13617586456918965
3,0.044879099929634785,0.41791119171579505,0.39425497381925967,0.12605025846441625,0.01690447607089422
2,0.09732067887606918,0.25807265800115703,0.4127902716384938,0.14343935341001687,0.088377038074263
2,0.11131792977447222,0.3289933850224953,0.3602233769888415,0.10524443820901891,0.09422087000517218
2,0.03875157358131985,0.1906449847317115,0.25081561185667073,0.34853494568137505,0.17125288414892262
1,0.043379245384615184,0.3602838575604372,0.35103607219052246,0.20574749327665384,0.039553331587771245
3,0.03228860548836394,0.3668095336498307,0.4149834261399742,0.16569333788520751,0.020225096836623626
3,0.12327107160783041,0.3815664705629999,0.34513543348686415,0.10913820856075554,0.04088881578154973
1,0.03593254676366696,0.4699730976131771,0.3479134589611695,0.12639953340487717,0.019781363257109365
1,0.05003480346760603,0.48896699601723037,0.32562217886487,0.10100549692736517,0.03437052472292857
4,0.10904991407183033,0.2525079816594116,0.21768589548906386,0.1661245799984825,0.2546316287812118
1,0.1169539171225939,0.22647288137571536,0.467186895669675,0.09990868624141096,0.08947761959060468
4,0.0,0.0005291005291005291,0.02791874307005199,0.11605674717369846,0.8554954092271488
4,0.0930651632127546,0.20980256271751913,0.2502235306343398,0.11626831283603026,0.3306404305993562
1,0.1524418025972492,0.5091921556673399,0.2681500875833515,0.05581341799751536,0.014402536154543918
2,0.036839760564501306,0.4479544754945973,0.3722286218194793,0.12256313228459237,0.020414009836829658
2,0.05752613607258141,0.24792282811240865,0.26660005303524875,0.3572735327282652,0.07067745005149591
3,0.0017301038062283738,0.029008298748067797,0.09829306410296693,0.20315988920655392,0.6678086441361829
4,0.0,0.001278772378516624,0.010869828529165359,0.07633287774717139,0.9115185213451467
3,0.0,0.0,0.01751791753691049,0.028981937602627256,0.9535001448604623
1,0.028893278545035685,0.42824393556722795,0.4086517441813296,0.11786531420391007,0.01634572750249669
4,0.06563122609175584,0.25822369216809316,0.26765996188289626,0.2552823656282328,0.15320275422902202
2,0.03112760557771582,0.2524650207598386,0.3108710440638923,0.2508811887722996,0.1546551408262539
4,0.012697411520240464,0.059750346241455435,0.12665347402733526,0.1470898591548081,0.6538089090561606
4,0.051243920293182484,0.2208666861968709,0.2519297321402029,0.16098807366537515,0.31497158770436867
0,0.05881984085167857,0.29605646003005703,0.41565961817773395,0.11385873293929183,0.11560534800123884
1,0.06575870884373554,0.28681652860596335,0.3362599077661868,0.17557642255068212,0.1355884322334321
0,0.025130292914134232,0.4887552717162866,0.339517522787888,0.13142076542147188,0.015176147160219094
1,0.061557744501274755,0.2190481091677338,0.3207054977142714,0.20507207722448453,0.19361657139223537
1,0.03529444599490416,0.45942317303630026,0.35462095225659057,0.1297041072669423,0.02095732144526268
3,0.06253187203537781,0.2622763009592588,0.28307086889838984,0.26098852771007097,0.1311324303969025
1,0.07954867985987266,0.2626388439633462,0.3425690185065851,0.20570430160849598,0.10953915606169998
2,0.03667965451267713,0.4423749537311182,0.3860345994872249,0.11710483774182144,0.017805954527158406
0,0.10061918799795255,0.4732695357746947,0.27186167375348785,0.09207724220882983,0.06217236026503495
1,0.06229102914561036,0.45601352916621957,0.38797718660282177,0.08197704838259273,0.01174120670275566
4,0.0017607167607167607,0.05555639084816715,0.11946850241933063,0.2195448059004871,0.6036695840712982
3,0.03763703129034968,0.04899463286519617,0.14986800001893527,0.2611899641582422,0.5023103716672767
1,0.036213545279444606,0.4439938827473075,0.38707000244043616,0.11541474701063484,0.017307822522177087
0,0.11843500057044684,0.3740571145694923,0.35880713003776743,0.10523162307241621,0.043469131749877155
4,0.005455236168897816,0.009282011884390456,0.03026922792365128,0.1297534327704697,0.8252400912525908
1,0.13878628054561176,0.5900083429095947,0.20469023252303398,0.05424929780020287,0.012265846221556633
3,0.03423973672480436,0.45674026573789717,0.36077462762323925,0.13530244094356664,0.012942928970492398
3,0.04136391987518329,0.35492808154841565,0.3778586299464603,0.20852769816116554,0.017321670468775308
3,0.07577721721253364,0.3128824777062279,0.32939020561969484,0.16849138202250918,0.1134587174390343
2,0.06500931101603255,0.2438019638668972,0.31039174527421415,0.22557530451414987,0.1552216753287063
3,0.07604296779322024,0.3074170483675031,0.278855467480153,0.22940927352632767,0.10827524283279599
0,0.05219450363105195,0.2576583136719412,0.3268658764075944,0.14835314531359503,0.21492816097581735
2,0.0309083999081285,0.4000883642432067,0.39923616233598797,0.146928628195474,0.022838445317202798
4,0.0362445858760128,0.20866241651228223,0.25222811928632244,0.2878372667031338,0.21502761162224862
3,0.0,0.0011961722488038277,0.004813743308235352,0.005388471177944862,0.9886016132650159
4,0.07630159686752952,0.21773469193433656,0.2528104714850295,0.24572276334856594,0.20743047636453832
3,0.054157779783887645,0.21420173849113247,0.27405320020147717,0.26418679177263865,0.1934004897508639
3,0.13932838689154634,0.4914776537588915,0.20911638401024432,0.134676991861909,0.02540058347740866
4,0.056274839111382924,0.4324326370526958,0.32509473589553045,0.14662871094167132,0.039569076998719456
0,0.12413073761503887,0.5256421169811419,0.2818839898891139,0.038182185065593836,0.03016097044911143
2,0.044908727406994566,0.4540245058328741,0.3907159728585027,0.09785950096002523,0.012491292941603484
1,0.16252660060429286,0.23557163336618206,0.2910922936196972,0.17088695985188687,0.13992251255794105
2,0.04730592109921062,0.2677986787435649,0.3691326188981685,0.174649942560561,0.14111283869849495
1,0.03867634195053972,0.3917886936792207,0.41315280726486237,0.13892274325866247,0.017459413846714775
4,0.0,0.0,0.016917390381916,0.036232624655300034,0.9468499849627838
2,0.0691003963959494,0.28253859238610335,0.34792700654762315,0.15162286048459733,0.14881114418572663
4,0.0,0.002893965118073777,0.005956752345981232,0.041494866197752445,0.9496544163381926
1,0.04254271236444353,0.41895493506422676,0.3694295940938646,0.14565064874950986,0.023422109727955217
2,0.03214331009874009,0.417168585321109,0.40520510877710236,0.12580471167378843,0.01967828412926006
2,0.08848729301487866,0.1915085049197032,0.2554289673575449,0.22149588611255053,0.24307934859532276
2,0.055244816706678,0.5085242018657109,0.314394931888154,0.11075894055453517,0.011077108984922077
0,0.10861902686788075,0.5646562189157299,0.24987597885439708,0.06785673433523857,0.008992041026753684
2,0.0030178780178780184,0.04190571029840451,0.09062292661007063,0.22137658903655308,0.6430768960370936
2,0.041939187833230314,0.4101616621957917,0.3396726250476554,0.14715000840608736,0.06107651651723522
2,0.06725098496469253,0.407385769638665,0.33096668253943096,0.1289064972421777,0.06549006561503384
1,0.13893138565079258,0.43874874300594086,0.32322128356201535,0.06919535480055526,0.029903232980695877
1,0.08712190099924463,0.48047220204769264,0.3044047259419644,0.1228931839832965,0.005107987027801706
1,0.06721398563521197,0.29305473784482006,0.3058955198309874,0.19431628843140747,0.13951946825757305
3,0.03258764587353675,0.33369423833691275,0.35452388084623726,0.18837218537266862,0.09082204957064456
1,0.028227768882223076,0.2269691688654767,0.1903568304302509,0.14611846613151708,0.4083277656905321
4,0.0,0.0005291005291005291,0.018023414722067317,0.0807467598000378,0.9007007249487943
2,0.1276930881785471,0.45192433468433624,0.33935142409537283,0.060763648877949245,0.020267504163794664
3,0.08249164230894718,0.2761662874773625,0.3170970448358215,0.17179330054814884,0.15245172482971983
2,0.033262489521728916,0.15202152328603025,0.24634899832924304,0.48572549050866876,0.08264149835432905
3,0.11471559381702827,0.21690841346966439,0.3133583188360012,0.23544268282452122,0.11957499105278489
2,0.07682335340602463,0.27251201299003724,0.2906153234744522,0.2029516537202292,0.15709765640925674
4,0.03042855523957063,0.15521139012494836,0.22182170319336647,0.20270278489240184,0.3898355665497127
4,0.10002357777613324,0.23796568802663248,0.26991025932633966,0.23247387469528408,0.1596266001756104
1,0.03649090307278667,0.43940746694758875,0.37776416937183355,0.12618509388974725,0.02015236671804368
4,0.029728778791065908,0.09953416385652587,0.26162433127408086,0.15860757953759552,0.45050514654073176
1,0.08114102514771851,0.3798598194131154,0.28282626653131754,0.16561157272725424,0.0905613161805942
2,0.027746964176778015,0.4798640839600505,0.3648940108919699,0.11354716840760097,0.01394777256360034
3,0.05981384877094381,0.008014647402010406,0.07508851831442313,0.2231544812964207,0.6339285042162018
1,0.028893278545035685,0.42824393556722795,0.4086517441813296,0.11786531420391007,0.01634572750249669
1,0.08298936984007259,0.27258515054172605,0.3220360928158621,0.1532130534249985,0.1691763333773405
4,0.0,0.0,0.01773061721853465,0.03634344357389107,0.9459259392075743
4,0.047084261730600756,0.416489651452423,0.3593971582855147,0.1371339743210767,0.039894954210384546
4,0.004382285007285008,0.01540454134204134,0.05850059144958319,0.1280068940599852,0.793705688141105
1,0.1228020611678644,0.34214759378715115,0.31775732875789353,0.11190098610261165,0.10539203018447944
3,0.06664666903448897,0.34085263179034914,0.30551410583546895,0.16388632806867748,0.1231002652710155
2,0.07804619681850804,0.3157125039397017,0.29659829981601576,0.16913815916454106,0.14050484026123358
1,0.039816374544124004,0.4633855705773321,0.36503326751659415,0.10995993313986548,0.021804854222084315
1,0.03700136149779744,0.46240596550469737,0.3797515335486645,0.10613575068886229,0.01470538875997857
1,0.053809190394491994,0.3779217072474286,0.428774813098697,0.11286510009922156,0.02662918916016084
2,0.0477644323672116,0.4291519574257893,0.3546165710999672,0.1550607739636143,0.013406265143417728
2,0.045557313135374984,0.41625129330787664,0.41804649169422,0.10134533311990442,0.018799568742624045
2,0.08087828577087186,0.3539544520198644,0.32521407566257843,0.13666432228357436,0.10328886426311082
1,0.044221798557818014,0.4732393443493328,0.3325558074886932,0.12905840116907852,0.020924648435077412
4,0.0005698005698005698,0.0036137682084445544,0.01611873557793574,0.0798369467703016,0.8998607488735175
2,0.032355857999124334,0.375851260096507,0.41555880873203543,0.1617478572539306,0.014486215918402675
4,0.0025951557093425604,0.006074586697424067,0.01483555896548403,0.10917601500207334,0.867318683625676
1,0.050497082530407245,0.23478616892386675,0.2891424079947711,0.3164222475581393,0.10915209299281563
2,0.028882697750993183,0.4869617486341234,0.34020785613935234,0.1297290506076703,0.014218646867860497
1,0.03944250749715107,0.12573003820785753,0.33754184092431716,0.2576982210875411,0.23958739228313317
3,0.03890732510058062,0.38784626080075335,0.38750096780692944,0.13658510319550293,0.04916034309623369
3,0.0309083999081285,0.4000883642432067,0.39923616233598797,0.146928628195474,0.022838445317202798
4,0.0018959435626102292,0.012847037780724093,0.14218750470542868,0.2272891482808114,0.6157803656704255
4,0.05677925248057595,0.2990270935892354,0.2846541449121503,0.2083807101558876,0.1511587988621508
2,0.03176045340779512,0.3982987365094253,0.4135653561316904,0.12920209826795015,0.02717335568313904
0,0.0913258706037963,0.5198258965537541,0.29652661979673667,0.0811542345102351,0.011167378535477872
0,0.12783047580693924,0.5843795500241348,0.21895716031705603,0.059935740392506515,0.008897073459363386
1,0.1704435242226037,0.5426113147572429,0.2054609694516171,0.056608035786766854,0.024876155781769382
0,0.10144808846965221,0.30067217760161363,0.34769237871114334,0.13750207646410506,0.11268527875348569
2,0.011273398130227479,0.029875166170385194,0.23547415578841105,0.18009475893286422,0.5432825209781119
1,0.07147985197560679,0.3086048011213703,0.3088225420842956,0.18038806796098494,0.1307047368577422
0,0.015970396338494498,0.040251772707251256,0.27372231019653726,0.28045878650289396,0.38959673425482283
2,0.07991659547009176,0.25051062999204765,0.33268880158889325,0.21924608472445994,0.11763788822450737
4,0.007465472191116089,0.04308938900341317,0.16174865001498095,0.23191530789537204,0.5557811808951177
4,0.1389254802744419,0.3962516929129548,0.3221542459479139,0.07712592862812824,0.06554265223656099
2,0.0984787194000777,0.2835794022374933,0.33310848384486724,0.15274440521831908,0.13208898929924265
1,0.06720875099844019,0.5383988158338506,0.2903488218781898,0.09503325987594222,0.009010351413577351
2,0.06360487959732894,0.38069886876624986,0.2547141626454835,0.13487299051153437,0.16610909847940325
2,0.14336521070305278,0.2652110423089796,0.2627902336238301,0.18205103492023053,0.1465824784439071
2,0.04697744532042638,0.46332725509022726,0.3728090461155349,0.10063051494212477,0.016255738531686808
2,0.04697744532042638,0.46332725509022726,0.3728090461155349,0.10063051494212477,0.016255738531686808
2,0.049340364672022435,0.2663578991359305,0.26141748254378666,0.1909687565553958,0.23191549709286471
2,0.09067835532847403,0.2963503266985089,0.3291530115909739,0.16318751679716564,0.12063078958487759
1,0.0590760415432105,0.24189491521466366,0.26860509735656324,0.28715269105117247,0.14327125483439015
4,0.0029239766081871343,0.005847953216374269,0.036464281398393285,0.16337534248154054,0.7913884462955046
4,0.06745535100533229,0.24496593919256443,0.26470991021410506,0.19740689036732895,0.22546190922066922
1,0.05252558812612795,0.45886243306453917,0.3364397927187103,0.13120328590131733,0.020968900189305376
1,0.07075251577010828,0.3779238662881435,0.35162481505648613,0.14320803413620056,0.0564907687490616
1,0.03795699343859793,0.45681132651540696,0.36143697833698546,0.122364368645909,0.02143033306310055
4,0.0,0.0007786408495628354,0.06557214177060512,0.2476812126422112,0.6859680047376208
3,0.11717520885899368,0.25577732457055524,0.31678305355746444,0.15552763951526577,0.15473677349772078
4,0.06823732087810923,0.16025983330102195,0.3167223369334875,0.19945209772726366,0.2553284111601178
2,0.040295737939331375,0.38647332255503736,0.38192238977693643,0.178700418343806,0.01260813138488878
2,0.09897056278627503,0.23760077634763568,0.4214402006780115,0.151960620841023,0.0900278393470547
1,0.05193615890759722,0.34241996554883597,0.34599372378997983,0.17592690922495027,0.08372324252863673
1,0.04502472580318468,0.44443490589207635,0.37677987437824056,0.1171210536821143,0.01663944024438412
3,0.10317863140863376,0.22380050275353464,0.2557661509559547,0.24185341297256815,0.1754013019093086
3,0.0037719788660390942,0.014770963055002983,0.021241154812020564,0.10646215627459452,0.8537537469923431
1,0.07703691055803512,0.3872976615121177,0.3308386262038986,0.11963917529789392,0.08518762642805484
2,0.07446861379288011,0.33403072027337305,0.30900972590693304,0.1572573738700552,0.12523356615675862
1,0.03991173244179934,0.40432954782360675,0.42872261811361323,0.1009233931065356,0.026112708514445096
0,0.16131827895500098,0.24543141209362848,0.2810537165251841,0.17484080355253798,0.13735578887364847
1,0.0309083999081285,0.4000883642432067,0.39923616233598797,0.146928628195474,0.022838445317202798
1,0.09794310402636071,0.41549233270578656,0.29452995256102527,0.12491610200800028,0.06711850869882723
1,0.037780338024767,0.46493264677494683,0.35023334463341704,0.12567307591519095,0.021380594651678294
4,0.0,0.002646761434604175,0.010153262833119498,0.06925437066866431,0.9179456050636121
2,0.044884757665538275,0.3739279285781829,0.3961793031707373,0.16534496991692804,0.01966304066861336
3,0.08734296548324073,0.32069240054204645,0.3858058851364323,0.12732424463341346,0.0788345042048671
2,0.0280936929088751,0.41059663857200224,0.3723913595062007,0.15903150893023363,0.029886800082688188
3,0.032833015388252694,0.2591694842256047,0.34139639277576683,0.2569025782992553,0.10969852931112033
1,0.02980758267932751,0.44899988474678393,0.39386561450509305,0.11166617477714685,0.015660743291648727
2,0.08219405848703204,0.26548663955462853,0.293507292084534,0.2217240729526576,0.1370879369211478
1,0.032082871954217614,0.38088272776863225,0.44339347270403845,0.12652180559125586,0.0171191219818558
4,0.0004884004884004884,0.0013856194890677648,0.008593059125133782,0.04734844440473798,0.9421844764926599
1,0.09278319193425269,0.468615622765614,0.3526203228512526,0.06488467074774566,0.02109619170113472
3,0.01194679880362815,0.03512837208396846,0.29830825143500717,0.23685576871186484,0.41776080896553136
3,0.034840791332182264,0.16080582733434587,0.22856744672419102,0.5251607663403832,0.050625168268897555
4,0.0,0.0011961722488038277,0.004813743308235352,0.005388471177944862,0.9886016132650159
4,0.0008650519031141869,0.0,0.012311581701022338,0.08700185121891302,0.8998215151769505
1,0.0406113613815963,0.44172201080911283,0.358627940792402,0.11514292072511609,0.04389576629177245
2,0.03867634195053972,0.3917886936792207,0.41315280726486237,0.13892274325866247,0.017459413846714775
4,0.0018959435626102292,0.012847037780724093,0.13568259998546664,0.2606941477764565,0.5888802708947424
2,0.02520307516354356,0.45740054731895896,0.3796519578038291,0.1252979185042207,0.012446501209447309
2,0.02827275420021397,0.38243425002147224,0.42769046451685033,0.1471492466570053,0.01445328460445819
1,0.08556378377835493,0.36277613070094256,0.24227896710854846,0.16082953514019682,0.14855158327195708
2,0.0,0.02554809113561105,0.09257308733462088,0.13120878663612867,0.7506700348936394
2,0.13397102218955298,0.43457417647966784,0.28809350817695983,0.07348614115308337,0.069875152000736
2,0.080095174565944,0.2655029385651274,0.3268489789889801,0.19183054070519479,0.1357223671747536
1,0.21276705770425794,0.45625499800472796,0.2711435995204802,0.033787872884252036,0.026046471886281716
1,0.043510425102285116,0.47809109045190257,0.3350743142877236,0.10636645354016275,0.036957716617926066
1,0.17990797482278836,0.5682345834553038,0.18656758213717717,0.04412490488258332,0.021164954702147253
1,0.056317156391974224,0.24476076355211984,0.3396609281156171,0.20528015060045068,0.15398100133983808
2,0.09387262999326607,0.3969053820038076,0.37477229288003144,0.09819239860524304,0.03625729651765177
1,0.06516117355260909,0.2985838146538331,0.363747906240752,0.12858714481451186,0.14391996073829388
2,0.2312004798616307,0.29116549735530245,0.23557975534231784,0.1306461095057197,0.11140815793502942
2,0.024751226944948915,0.09344174663953157,0.28881607681582483,0.3590426842094536,0.23394826539024086
4,0.07000549790767688,0.3073772340878626,0.3129467222045492,0.11577637219230041,0.19389417360761083
1,0.05132325344039688,0.23468182864449047,0.24125126116153017,0.08930450345228744,0.3834391533012951
2,0.03649090307278667,0.43940746694758875,0.37776416937183355,0.12618509388974725,0.02015236671804368
4,0.0,0.0011961722488038277,0.004813743308235352,0.005388471177944862,0.9886016132650159
1,0.04697744532042638,0.46332725509022726,0.3728090461155349,0.10063051494212477,0.016255738531686808
3,0.0022988669954844107,0.04945298551650446,0.26336739319397057,0.35260654675255754,0.3322742075414829
1,0.165249577995647,0.5042573829423402,0.2623816100702172,0.05422356950059596,0.013887859491199524
0,0.05022747687413079,0.4522519048441083,0.36936241071130765,0.10856991241200314,0.019588295158450175
4,0.19033171423677728,0.260834467835693,0.2985455909308264,0.151561012221403,0.09872721477530054
2,0.04513072325209767,0.4516593292948776,0.39740402638918554,0.09093522408339902,0.014870696980440272
1,0.08026178704528074,0.5203475788945137,0.29469580033288395,0.091997151930688,0.01269768179663376
4,0.041604441317341104,0.04093994936327354,0.23323805218398133,0.255227410869346,0.428990146266058
1,0.091723070328198,0.4692135788262307,0.31235317681074776,0.10951226836551464,0.017197905669308747
4,0.0,0.0007786408495628354,0.0592011249925098,0.19649525647965888,0.7435249776782685
4,0.0030717400354016823,0.00832021027603712,0.03339543994692212,0.11305040146798016,0.842162208273659
4,0.0015653320151590047,0.0014705882352941176,0.037220957215934186,0.13481734095481795,0.8249257815787947
1,0.10311967446952161,0.2627128538363772,0.23740181908597285,0.19407543164873792,0.20269022095939032
1,0.07046574473950891,0.3720130584201814,0.4142123965795514,0.104479130437744,0.03882966982301437
3,0.01573509656451637,0.03990710474812608,0.2383255961582109,0.3855250811074058,0.32050712142174076
3,0.10922233143068193,0.22336621391612577,0.2917475923352201,0.21614208046304773,0.1595217818549243
1,0.0883037467769677,0.2822142883257809,0.34640668418758624,0.13372265787665302,0.14935262283301196
2,0.035767558826678085,0.428798058161247,0.41374735160079495,0.10773038849746805,0.013956642913812045
1,0.16224714816823357,0.29618486430383717,0.238510404997128,0.13101481250094152,0.17204277002985977
1,0.17241427986365418,0.258521149818595,0.31357771293908143,0.17002565090356891,0.08546120647510068
2,0.0957055459795849,0.2576814756841843,0.26655445379146936,0.25025245008533237,0.12980607445942902
4,0.01185143710339679,0.04747535391569388,0.17227496580445464,0.2639640830841179,0.5044341600923368
3,0.021300240786076015,0.03502798133446525,0.18632095716004476,0.24095232743548514,0.5163984932839288
4,0.04262661246146346,0.05561110927833589,0.21424907819500744,0.21465321842523488,0.4728599816399583
2,0.020408570448288397,0.04964182104817035,0.2992782112275669,0.3495445938126312,0.2811268034633431
2,0.01185143710339679,0.047152944764761805,0.14764197157394587,0.1634286360400959,0.6299250105177997
1,0.1317114322789219,0.47621689680956625,0.3038328263106339,0.06669511320740328,0.021543731393474583
2,0.02945269522689299,0.41704238504983415,0.4062026867959453,0.13172426075984858,0.015577972167478981
1,0.10018202754611577,0.4448831627186317,0.3499960960773953,0.09012867196357253,0.014810041694284674
2,0.12022727255029815,0.2417965378446766,0.4638739494701757,0.08286483278040024,0.09123740735444924
3,0.08399642103848051,0.2938563394418266,0.291720556790932,0.17823819285966347,0.15218848986909744
4,0.051581621173399005,0.2400165414709806,0.21187964695461284,0.11639499088462252,0.3801271995163849
4,0.008744582875276102,0.020603920394782003,0.0680643861512245,0.3241994902469184,0.578387620331799
2,0.09256085468235269,0.28552520962225325,0.42915648725565203,0.11286842795017402,0.0798890204895681
2,0.08167344728642248,0.2851462361372146,0.26127588776775584,0.23885174646011087,0.13305268234849632
4,0.05058413048532603,0.2417629365168591,0.30633900703591516,0.3079356780414381,0.09337824792046184
1,0.09956726799409983,0.27242199626526864,0.27204058888588406,0.1921216643833517,0.16384848247139597
2,0.043438249300615364,0.22571107174182328,0.1841496459308936,0.15487413068789985,0.39182690233876766
3,0.049159357491325995,0.23233898255445426,0.2853495220332384,0.2838988302675631,0.1492533076534183
2,0.14681815445227892,0.2544397836493024,0.3877020667772872,0.11150087104000346,0.09953912408112806
0,0.0369050707904685,0.26243298384807623,0.39373796425827956,0.20415259059281543,0.10277139051036034
1,0.0558975459722363,0.3431922346870582,0.34447662604235746,0.19309060978484344,0.06334298351350445
2,0.024904619491428987,0.46336367546114754,0.37587837666250845,0.12259931984742742,0.013254008537487377
3,0.04844829495439951,0.2486346013336292,0.267948785203281,0.23686379243968816,0.19810452606900222
1,0.059291910883228126,0.2104063484999382,0.27337710754562955,0.23337515243392026,0.22354948063728383
4,0.0017301038062283738,0.011662524602616478,0.012677240097581192,0.09441740567598998,0.879512725817584
2,0.14496279549945013,0.541877334216672,0.24025942867569877,0.05040566933966641,0.022494772268512677
3,0.041354200492402,0.22292192974462746,0.27404310915727015,0.24656961032492988,0.21511115028077046
2,0.09226840446213856,0.30187672750231515,0.3761948997670448,0.1256025194570276,0.10405744881147382
4,0.0018591189008611876,0.0018808777429467085,0.006957937834343856,0.0376626142019847,0.9516394513198633
2,0.07847895666744642,0.22557481211661623,0.3545156706985159,0.16839032796747108,0.17304023254995035
1,0.02945269522689299,0.41704238504983415,0.4062026867959453,0.13172426075984858,0.015577972167478981
3,0.048226949436635566,0.22921351537008128,0.2846731689219549,0.26334348500687893,0.17454288126444917
4,0.06971872285798111,0.2505915275674767,0.2792461554618813,0.27173763778999904,0.12870595632266177
4,0.01411180816708181,0.11881845095195832,0.34120553287906275,0.24703073144291404,0.2788334765589831
4,0.0008650519031141869,0.0017301038062283738,0.017265521558150004,0.0435505277841721,0.9365887949483355
4,0.0028014278014278017,0.039349279874227795,0.10922544581780955,0.23151713683385886,0.6171067096726758
1,0.07089594486366387,0.3819254930379112,0.29239726880180544,0.12081131908475352,0.13396997421186585
3,0.07454385570147624,0.34738848789361176,0.41368466168705487,0.10391462413766688,0.06046837058019038
1,0.03412471730135959,0.46109821795305234,0.3597593972417536,0.12504087580556528,0.01997679169826923
2,0.031009987895709874,0.3918896827297729,0.3994879292071766,0.15525740393242346,0.02235499623491716
2,0.05507014361397984,0.4739234154715265,0.35769616342186206,0.10180058474566077,0.011509692746970918
3,0.0383707422331753,0.41126192415907914,0.3883226871696222,0.14473803245009081,0.017306613988032564
1,0.06812167780872999,0.25091918081928727,0.3388873717660263,0.1988261174790033,0.14324565212695306
2,0.05022747687413079,0.4522519048441083,0.36936241071130765,0.10856991241200314,0.019588295158450175
1,0.0613339539097484,0.48859014344955537,0.3160574676218365,0.10726248798233759,0.02675594703652225
4,0.0007002801120448179,0.005847453476126667,0.04054624355481994,0.0768755042284712,0.8760305186285373
4,0.0004884004884004884,0.0013856194890677648,0.004648285949591375,0.05228532127918072,0.9411923727937597
3,0.03275853744480371,0.411302110152782,0.37791490488993623,0.15492516352166394,0.023099283990814096
3,0.048938490488031804,0.24048335807151877,0.27565878844713887,0.380087603910277,0.054831759083033525
1,0.14496279549945013,0.541877334216672,0.24025942867569877,0.05040566933966641,0.022494772268512677
3,0.054966841221704775,0.2195856746328657,0.26365614438474505,0.29061021464006326,0.1711811251206211
4,0.05694672454508939,0.29747101871250825,0.3496060585312273,0.16442525696548627,0.13155094124568878
2,0.056171391934514384,0.45051925526189657,0.3351668290596419,0.14015421200454528,0.01798831173940203
2,0.07975080695837419,0.2926249364532615,0.3115409681465424,0.18419168989728552,0.1318915985445361
3,0.032840187726554115,0.4605169421257845,0.35784694796124084,0.12736166054796283,0.021434261638457696
3,0.04697744532042638,0.46332725509022726,0.3728090461155349,0.10063051494212477,0.016255738531686808
4,0.0015559099769626085,0.002403278063655422,0.01837903967024718,0.11924415222371101,0.8584176200654238
3,0.10611898004138673,0.27026265056944476,0.3108525508274744,0.17084084411728823,0.14192497444440566
2,0.03901762380030587,0.4165323922265516,0.37874564035842523,0.14800023460811162,0.017704109006605854
2,0.03321646399383358,0.3641469357685194,0.3559233033819296,0.18689385908674525,0.059819437768972125
3,0.09874692320469941,0.39480884705010355,0.306847866733034,0.1506509656524663,0.048945397359696684
3,0.03513192521533034,0.4189529101726261,0.39150093573117645,0.1414557285479382,0.012958500332928889
1,0.0383707422331753,0.41126192415907914,0.3883226871696222,0.14473803245009081,0.017306613988032564
1,0.0854400296035454,0.28613516863450433,0.2988133236482067,0.20462376637652652,0.12498771173721725
1,0.1266208326206588,0.5203000800868355,0.28121750920941285,0.05682318787230874,0.015038390210784076
0,0.09838124973881383,0.33942026167091177,0.30901512567954187,0.1382863464463094,0.11489701646442313
1,0.0915125119749789,0.5826179251629869,0.24929584136499536,0.06819095865588883,0.008382762841149867
1,0.03999767558391352,0.3793487317457408,0.35648737976378697,0.1835565165519286,0.04060969635463015
2,0.0309083999081285,0.4000883642432067,0.39923616233598797,0.146928628195474,0.022838445317202798
4,0.07981957998072974,0.2650426144972842,0.28865180526046047,0.11671431943417047,0.24977168082735499
1,0.016944397103817763,0.2387949500942701,0.1964106173363827,0.14969779047900444,0.39815224498652485
2,0.04000679680990627,0.4043895231759956,0.42945483733790885,0.10750300124777669,0.018645841428412663
2,0.09927166280572483,0.35436863225077897,0.3565598281431964,0.10657161931062396,0.08322825748967592
2,0.024949416793644718,0.47137401742103335,0.3592888743690598,0.13074071516109598,0.013646976255165786
3,0.0413147066345199,0.4495810077087508,0.3547018259621817,0.12469342867883598,0.029709031015711547
2,0.02692709118946519,0.3441413489880888,0.3685145620165055,0.1744349495568025,0.085982048249138
1,0.03846219810872986,0.45701195800296157,0.3825045915284629,0.10759590669447285,0.014425345665372987
1,0.1412741822763976,0.22211782444239417,0.4276624619321653,0.10207197978728394,0.10687355156175904
3,0.06564744846945096,0.21833264539687952,0.28303143789468116,0.2082485665957501,0.22473990164323823
4,0.0,0.0011961722488038277,0.004813743308235352,0.005388471177944862,0.9886016132650159
4,0.1349342761520835,0.2672936136064337,0.30435176336271674,0.17138543298048198,0.122034913898284
1,0.037125256960076375,0.41932331197197287,0.34612465074428067,0.14977591583059496,0.047650864493074936
2,0.06717131407481758,0.24426234416188405,0.2922074724146232,0.20919017781322352,0.18716869153545157
2,0.04196407847657244,0.4210587127911782,0.36028868587397656,0.1618105905446855,0.014877932313587335
2,0.028893278545035685,0.42824393556722795,0.4086517441813296,0.11786531420391007,0.01634572750249669
2,0.08859805530969435,0.22599117471116276,0.3467616810315417,0.21743012332963704,0.12121896561796405
2,0.09629611766889253,0.29799715589673054,0.33456850099982643,0.13298610174868708,0.13815212368586322
4,0.018159609679134298,0.013056357903556543,0.2216684721467078,0.20204997343602954,0.5450655868345718
2,0.01590574308515308,0.031022800236461128,0.29412936580450866,0.23722233762682085,0.4217197532470563
2,0.04055840428522445,0.42704692412670225,0.36526067754410557,0.15559496199780232,0.01153903204616545
3,0.05935472100650857,0.28223676639449324,0.2908845726941654,0.23060499172094398,0.1369189481838889
1,0.053090396136884696,0.4534247919648865,0.37082344031360587,0.10507462967556107,0.017586741909061974
4,0.0009006145369781734,0.0005509641873278238,0.009101975614745272,0.04959074227502047,0.939855703385928
2,0.03733833508184434,0.45727283173881694,0.3564717799194061,0.12896543596126203,0.019951617298670492
4,0.0,0.0,0.015509662307521255,0.02619541040755947,0.958294927284919
0,0.13356025561938695,0.4503093366674568,0.29541747810584584,0.10998599600130664,0.010726933606003514
1,0.1194296635279261,0.5499756846228794,0.26249896947838036,0.05114481407859899,0.01695086829221525
3,0.0578779150998997,0.21394366950565755,0.31491288364512754,0.27244436714476417,0.14082116460455102
2,0.038927570378038324,0.4715709572873649,0.3187213087180059,0.1272484761065996,0.043531687509991326
3,0.06201513156820741,0.24161914115785652,0.2966392021299976,0.23305940065199166,0.1666671244919468
3,0.03875131267107149,0.254158875693071,0.30128979409951145,0.265691507379624,0.14010851015672182
4,0.09651794282313772,0.37938675367125946,0.3138452473818982,0.14092557982536152,0.06932447629834293
2,0.025046610303214933,0.08455748800118858,0.3090465539718328,0.3019641582101986,0.2793851895135651
3,0.032833015388252694,0.2591694842256047,0.34139639277576683,0.2569025782992553,0.10969852931112033
3,0.01185143710339679,0.04861493306885538,0.15840120093250465,0.224252797894006,0.556879631001237
2,0.048890139374628695,0.22046234901078604,0.31617765670487263,0.21903704110360694,0.1954328138061057
2,0.08289673356079114,0.27821803521650107,0.3203630569360791,0.1798743835726092,0.1386477907140195
3,0.0018959435626102292,0.021260773645440354,0.17072966661638236,0.28889641678691325,0.5172171993886538
2,0.05291533578535789,0.4052094783220003,0.3819036816448318,0.1339376318948646,0.026033872352945485
4,0.0,0.0011961722488038277,0.004813743308235352,0.005388471177944862,0.9886016132650159
4,0.014623974875357756,0.03439289254471684,0.15867749701300302,0.32079246982056664,0.4715131657463559
2,0.1029522174654323,0.4412371004830939,0.3132731220104424,0.08817856995604595,0.05435899008498532
1,0.028893278545035685,0.42824393556722795,0.4086517441813296,0.11786531420391007,0.01634572750249669
1,0.07393443839604683,0.27950683938688453,0.27265929798562283,0.21949092354685326,0.15440850068459241
1,0.04498074470248119,0.4605251563103287,0.3413439771384883,0.13437666902431666,0.018773452824385323
3,0.03839760187301377,0.19440446642226417,0.23582008348159694,0.3114498645644813,0.21992798365864386
1,0.07714940826162009,0.20615498466800092,0.21981098936983018,0.2803510466805894,0.21653357101995924
4,0.007465472191116089,0.04045781005604474,0.15142542816725824,0.23274043008188053,0.5679108595037006
2,0.19862898470184015,0.2540980247899374,0.33462577886664135,0.13448015942672223,0.07816705221485883
0,0.0836834428000517,0.2693060462421806,0.36229255881183364,0.11815287456078136,0.1665650775851529
1,0.06702359590517828,0.26528724097392875,0.2670109167692413,0.22902506441630363,0.1716531819353481
1,0.09542727700740546,0.22506770370719983,0.33507738884793786,0.21124563734196228,0.13318199309549456
2,0.027160753003225884,0.08493652988991625,0.28631274298294773,0.17286857502105366,0.42872139910285645
2,0.06960082288389928,0.3155765919794278,0.3223684961306918,0.1708285768005259,0.12162551220545526
2,0.02984556185559234,0.40958812625837315,0.36342227488532364,0.18174607627262657,0.015397960728084343
1,0.035767558826678085,0.428798058161247,0.41374735160079495,0.10773038849746805,0.013956642913812045
2,0.10418323618601423,0.4036468332830034,0.2539249053184253,0.12801477082007967,0.11023025439247724
1,0.08533416314444044,0.4787973473146087,0.3208923046612981,0.0789196476468847,0.03605653723276808
3,0.06142464747485354,0.21160521638010502,0.26149506387657057,0.24605295232140498,0.21942211994706576
1,0.06167310732212661,0.47887534302507634,0.3024092635834059,0.14742300426583432,0.00961928180355676
1,0.027531523052245988,0.4764028986806835,0.36557094338708424,0.11647740315601755,0.014017231723968595
0,0.11026477243854826,0.25097597835870566,0.2764430447725149,0.1969268840512521,0.16538932037897888
4,0.012786555395509493,0.01004177722394318,0.09161727053204098,0.3638986033564219,0.5216557934920845
1,0.03251292117405509,0.3981517997875167,0.3701664653491871,0.18039406549996642,0.018774748189274597
4,0.042105096265531286,0.23612430635722753,0.18920360260215366,0.12773605695614906,0.4048309378189382
0,0.16513146795574946,0.46659969919279154,0.26291471784693676,0.045962091769078006,0.05939202323544423
2,0.05906775879529639,0.18200186600371632,0.2155873142145278,0.3690107047146763,0.17433235627178317
3,0.03237007008142414,0.41313402663453025,0.4195798616683901,0.11114313522005385,0.02377290639560163
2,0.0825369765430241,0.4884767535007857,0.3185038990743124,0.07054219270461426,0.03994017817726366
2,0.07104163472775216,0.4747408512203895,0.34056075036791134,0.08415205189818495,0.02950471178576218
3,0.04884646149860393,0.18766249917340574,0.2596181918478279,0.28982140252882316,0.21405144495133924
2,0.15326281795557156,0.4212096683913116,0.31700893086966475,0.05791472122293443,0.05060386156051755
4,0.050255199217077814,0.2655828217992922,0.25257507611454677,0.1807644970655954,0.25082240580348786
3,0.0018959435626102292,0.012847037780724093,0.1470276816850059,0.24145353240265105,0.5967758045690086
1,0.03736915240805606,0.4033048494372986,0.4015261847848845,0.14099399429428797,0.016805819075472947
4,0.0018112864493667012,0.003219524066874782,0.017213621559745724,0.08017560287930617,0.8975799650447067
1,0.06949300716933736,0.42659995233275594,0.3999581819054815,0.07898924310024226,0.024959615492183007
3,0.07884350356853534,0.2556203211356102,0.36752578336337166,0.13918631026513636,0.15882408166734627
1,0.12724120739217532,0.5434864760609427,0.26243143671991614,0.04396624598749937,0.022874633839466554
1,0.07550688905496658,0.1762607385722417,0.2946762405929535,0.2755256041451228,0.17803052763471547
1,0.0416001755674933,0.1729304463653405,0.2454910510863045,0.4649227908641851,0.07505553611667642
3,0.0922206039086119,0.26251848776064346,0.29025692050978436,0.2132409701362152,0.14176301768474492
4,0.0020703723084675467,0.01771876271876272,0.19597717485945446,0.2632614928315078,0.5209721972818075
1,0.07241331597331938,0.2824218506181797,0.2860988869702895,0.20995106480203826,0.1491148816361732
4,0.03395826036332715,0.3475354338754524,0.2377929770605824,0.09390405595496004,0.28680927274567786
3,0.018466277227433228,0.10013345148850612,0.32312357434314004,0.28884704758627616,0.2694296493546444
