target,prediction_0,prediction_1,prediction_2,prediction_3,prediction_4
4,0.005637744368714239,0.36413357969661303,0.1489240948762758,0.03747565421521036,0.4438289268431865
1,0.024025634853443487,0.35004213604761264,0.27149749683163776,0.152027002668752,0.20240772959855405
2,0.006670066482042381,0.5103428389854229,0.2958701940426202,0.06028641276232081,0.12683048772759367
2,0.011200411582338341,0.12966445255994308,0.7396788994096449,0.03116543760753016,0.0882907988405435
1,0.0012290530350145931,0.07302493431309291,0.8022425934655634,0.0741649373360568,0.049338481850272335
1,1.1506410276451197e-09,0.30693923777049664,0.691688981122115,0.0013603181512502982,1.1461805497072106e-05
4,0.00040118685060006986,0.015588102047386932,1.2302041616365066e-07,8.953467798830827e-08,0.9840104985469188
4,0.022077543728157036,0.38985557787732833,0.29396876128829985,0.18742409875179478,0.10667401835441996
3,0.04254379566126319,0.6842284966274599,0.16152399491544817,0.11041213414949669,0.0012915786463319758
1,0.10740034096060956,0.26984772313176064,0.25715846576192114,0.23302384279158925,0.13256962735411937
3,0.0015637420452674585,0.055244794302391154,0.2710223735247088,0.6513663708427533,0.020802719284879367
3,2.367237927273437e-12,1.25079661381061e-07,0.9989341263969025,4.718851417879209e-06,0.0010610296696511013
4,0.06286349277396422,0.009123620831351532,0.08573964508227268,0.03331430211342172,0.8089589391989898
3,0.0007403259894243399,0.029025468181655266,0.21963516978499786,0.739206998007457,0.011392038036465423
2,0.001281080615126086,0.8475850865597866,0.13346763566923034,0.005443631237733697,0.012222565918123367
2,5.793334111241989e-05,0.6037217231460641,0.2405478013635967,0.15567246270308327,7.944614353412493e-08
4,0.0961278342743514,0.2307177167065011,0.045145602870548036,0.08597451835608559,0.5420343277925139
4,0.014492615089847909,0.2676740652922435,0.03621487788965835,0.004519056990522299,0.6770993847377279
2,0.025098209655043887,0.14166576064910738,0.2592007803045289,0.301749394832617,0.27228585455870286
1,0.21435715401677932,0.5393487334065261,0.12812393346359488,0.09328447208123472,0.02488570703186501
4,0.20829867080321338,0.34669007401509205,0.14411275971374735,0.15374968205937567,0.14714881340857155
1,0.08230392704354089,0.7391092998770579,0.14627863522009127,0.0017347268334797277,0.030573411025830177
0,9.070885002401923e-05,0.6235135226702816,0.27033386524680103,0.06948351062830599,0.03657839260458745
2,0.009653280873576194,0.48060421682688487,0.323839099601019,0.1290610590879935,0.05684234361052658
2,0.010756988312050181,0.7606364144077885,0.19972460549610735,0.004107058712382413,0.024774933071671522
1,0.009531128912990558,0.2646864906663479,0.3405125258118516,0.09342598656314241,0.2918438680456676
4,0.25533163707915196,0.39771958212623554,0.13125650094980096,0.10727185863675104,0.10842042120806053
2,0.0005993773622519589,0.274440000929947,0.4166901077603794,0.3007656992016845,0.007504814745737179
1,0.3980149318191855,0.11710123708236883,0.44955625839510915,0.0250660542557121,0.010261518447624558
4,0.00023583993739381456,0.21193559270061504,0.45443899326559883,0.014612651250115042,0.31877692284627723
0,0.014069659344915641,0.07567351265715257,0.8635765845316116,0.017857122967336648,0.028823120498983636
1,0.007713264934726343,0.46550690866115785,0.31199171722948377,0.13050533836009665,0.08428277081453539
1,0.023399642592282086,0.5109283429004547,0.42030061773282756,0.03946796024088963,0.005903436533546101
3,0.3583687168799664,0.4001154003433722,0.0953101870166688,0.07133778778101196,0.07486790797898059
2,0.10566481373306207,0.2563486660669736,0.5028664489422346,0.08953465149766399,0.04558541976006577
2,7.503947834732876e-08,0.9528135743044698,0.047171783449808144,1.5051727194886152e-09,1.4565701071006832e-05
2,0.204794888931245,0.2515727308600272,0.192616474065206,0.1844220528532174,0.1665938532903044
1,0.0006628529717079251,0.0571004123813659,0.3401307147886378,0.5985610555347547,0.003544964323533751
3,0.0036554192002184213,0.15211787381217984,0.4950585375625649,0.3474579532037694,0.0017102162212675562
3,0.043607862065960054,0.3970042063944073,0.33450000316437983,0.20273935606215085,0.022148572313101918
1,0.012990107267076785,0.4097843238382625,0.37138772138158505,0.12825757795520884,0.0775802695578667
1,0.010709363722096878,0.5939366649526819,0.23565483999969533,0.0671837012778318,0.09251543004769415
4,0.1991015781035799,0.17017222849566335,0.018960240819917047,0.25223495403084767,0.359530998549992
1,0.005739065183594629,0.36107375553951065,0.4599064624924289,0.13848383176397216,0.03479688502049372
4,0.005252492990014303,0.2697802344363662,0.18271356343842887,0.03821098941622025,0.5040427197189703
4,0.013021736305573597,0.28346873460111555,0.25784700221255924,0.13562152897897792,0.31004099790177375
1,0.004787269699103419,0.732827498468804,0.22927742827205197,0.009603039227135592,0.023504764332904868
2,0.008009359308096336,0.46613515907163466,0.30745210208600193,0.12911354371235093,0.08928983582191624
2,0.005644388068537769,0.1334872900163516,0.08519098203378533,0.714503350052492,0.061173989828833285
3,1.2934240080627538e-32,1.5196606551335338e-12,1.5789616382632212e-05,0.35246356414379376,0.647520646238304
4,1.5411986277881121e-09,1.4487865522594293e-08,1.7909632624189193e-07,0.000882187501424933,0.9991176173731846
3,0.00021634517971083896,0.002660689803797198,0.001251656301485057,3.0132283361046208e-05,0.9958411764316458
1,0.00895833956141558,0.33931059900879385,0.5639977451792362,0.0832527465222852,0.0044805697282690755
4,0.0029427893609695714,0.006927274939928407,0.40019223822599087,0.5258803151567387,0.06405738231637242
2,0.0009022303171622028,0.032363177679095634,0.23032400764083302,0.4309185775371034,0.3054920068258058
4,5.734191105687684e-17,1.1127886470835228e-05,0.0012813752405991556,0.24259698489356898,0.756110511979361
4,4.956748139238623e-05,0.0007420745470305955,0.053094406847418896,0.46936465773488495,0.47674929338927313
0,4.0325176178281927e-07,0.20433529427586886,0.4757804819433882,0.0038657475096400586,0.3160180730193411
1,0.562688571366063,0.11068843690828202,0.21317335982385796,0.02913268256109499,0.08431694934070205
0,0.0045799957581940335,0.5125553087134804,0.434028015334305,0.04045276169947467,0.008383918494545785
1,0.0056771948280914765,0.10313298082077718,0.3161376295093062,0.443335893074232,0.13171630176759305
1,0.015292350625019225,0.4221366324011874,0.3226863891374619,0.15346904700333489,0.0864155808329967
3,0.08139016595173651,0.2105456541939353,0.32965673177589894,0.21708176678471044,0.16132568129371871
1,0.13723304413322918,0.39445244942092333,0.18927691991772028,0.2187826409447378,0.060254945583389403
2,0.05580862303233877,0.36831000950063275,0.27452201572386914,0.28779064607268434,0.013568705670474898
0,0.00882144996271109,0.5315338506496129,0.2317248661010362,0.07281951108485622,0.15510032220178369
1,0.14346880387958752,0.39076907798944827,0.16245606449536434,0.15061152122846114,0.15269453240713862
4,0.1988819624342174,0.2501347279272754,0.18544524204876298,0.19144621510800516,0.17409185248173908
3,0.006302556295595178,0.03424952195268972,0.024041013244397228,0.4375929271323151,0.4978139813750027
1,0.029827420086302254,0.31091858028065456,0.35939257903919736,0.293970239356043,0.005891181237802884
0,0.10420199393258506,0.24383152891660687,0.09927847678857607,0.0917129774563371,0.4609750229058949
4,0.2362649362724246,0.27327854976550436,0.13702117993173712,0.16006976059756348,0.19336557343277058
1,0.0935759242919774,0.6421585732705868,0.15202995212834733,0.10697656544212647,0.00525898486696185
3,0.17238570889363272,0.3456410110162929,0.3500762716644418,0.09986465036667565,0.0320323580589569
3,0.04468555185287589,0.38228258585960945,0.23439011543892124,0.3312344626109622,0.007407284237631233
3,0.024675271309436614,0.35918588498257076,0.3333412550531633,0.15645327395665976,0.12634431469816962
2,3.514903537065398e-13,0.00017287713702547394,0.00047430618195088987,0.9993527656132871,5.1067384904570876e-08
3,0.05979644845176265,0.17238328009735404,0.5057849171181081,0.1599809854866777,0.10205436884609752
0,0.05431480750928365,0.46651947741901145,0.4209674452989412,0.04397381048681098,0.014224459285952718
2,0.01008501351199521,0.36682935274532047,0.41321581056289924,0.12929586403678814,0.08057395914299703
4,0.12144068430299776,0.34634622860038033,0.2874158379216452,0.16776885427602717,0.07702839489894955
3,0.0009850198912279178,9.975323590704274e-05,0.0006339377324156677,4.753043343451352e-05,0.9982337587070149
4,0.013070893972869388,0.27991331911872286,0.19275445263304297,0.4192659736663704,0.09499536060899433
3,0.23051171450881808,0.28912817685701964,0.252701812322128,0.12707760560277245,0.10058069070926193
3,3.248592117209528e-05,0.9214338986525659,0.005081173206317714,0.07344915091628913,3.291303655254564e-06
4,0.00011844815340564821,0.007826152910765442,0.2834263059709582,0.3933638841421031,0.31526520882276754
0,0.010487650728219297,0.5011529079160085,0.29660405002786616,0.10360020548214932,0.08815518584575673
2,0.014961570193173448,0.2556528469522474,0.4304326708566518,0.29672697114444935,0.002225940853478029
1,0.0722053839358268,0.17049099386549493,0.7525646192389869,0.00018329637827528718,0.004555706581415925
2,4.585437186671964e-07,0.0005574908044670023,0.12491592620222658,0.5924981853373924,0.28202793911219537
1,0.003725863260367426,0.06691527179155363,0.608395509493019,0.3192345198891878,0.0017288355658722616
4,0.00015872183244663307,0.04107292796620688,0.1660689940213464,0.0046841229272889745,0.7880152332527111
2,1.0071017721220742e-05,0.049795114805912394,0.6964404194412326,0.24699292194644074,0.006761472788693006
4,0.07767038170126109,0.4688118397066681,0.2506148687572397,0.1878597898184227,0.015043120016408517
1,0.00021059532135360619,0.04793160863263906,0.02226254135875546,0.9271565680271163,0.0024386866601356456
2,0.010751807427599678,0.33591459539060425,0.5584845401899714,0.08910478726035277,0.00574426973147197
2,0.15468893695154368,0.4436307533257747,0.1673491556113422,0.09075988190073145,0.1435712722106081
2,0.029861280698553212,0.14425251011572093,0.24302390893448816,0.30426840971556707,0.2785938905356706
0,0.20829867080321338,0.34669007401509205,0.14411275971374735,0.15374968205937567,0.14714881340857155
2,0.004358026504863583,0.5425018996341106,0.047574802734675334,0.053877037170865436,0.35168823395548526
2,0.010867137615187405,0.15612586062991493,0.3094221520514585,0.10219343579346771,0.4213914139099715
2,0.141392656866913,0.6876850879647276,0.0824887749512977,2.9679566083363028e-05,0.0884038006509785
1,0.14008357872484803,0.3814063857309341,0.23490038063472937,0.19261060875604494,0.05099904615344341
1,0.20782692703018124,0.34718772599644265,0.14444651533244962,0.15420374451563512,0.1463350871252913
1,0.011580216791329638,0.5785191897646065,0.27034696404464914,0.07156487135509408,0.06798875804432057
3,0.0023109009386830487,0.35452127907318237,0.5411022329658393,0.09820593894608388,0.003859648076211433
1,0.03395940397593316,0.4515449543636641,0.2999909242721101,0.1343324367016511,0.08017228068664142
4,0.0055261693621664896,0.25064407786073967,0.17787387701796475,0.036538596895138005,0.529417278863991
2,0.023196081466616957,0.2274112094683336,0.1250839037823019,0.5299280084059468,0.09438079687680073
3,0.03077114298796608,0.4366954429621714,0.25425356823894446,0.189944557176733,0.08833528863418516
2,0.00295950860518981,0.04261261138176603,0.9047213425737263,0.013098730527724048,0.036607806911593904
3,0.024811696488397317,0.3169667800445152,0.3311956971881318,0.32161918502182557,0.005406641257130108
2,0.025848916287439662,0.3496534233739046,0.2695661030030444,0.15687481757364904,0.19805673976196225
4,0.014346644892033815,0.1191367600124332,0.287805277778927,0.28765847627423846,0.29105284104236756
4,0.037463691721692935,0.46288120740496447,0.208714359601909,0.18535751707226922,0.10558322419916442
1,0.010185157682493555,0.47812094521802384,0.2778574809787608,0.15878994455438125,0.0750464715663406
4,4.1439596331250853e-13,1.0350647403538738e-05,0.007672672688842215,0.029575629234886634,0.9627413474284532
1,0.3583687168799664,0.4001154003433722,0.0953101870166688,0.07133778778101196,0.07486790797898059
2,0.026264429849385686,0.3721220013627184,0.46842352471891535,0.1280283299192377,0.005161714149743009
3,0.0712271326724751,0.1909561463020506,0.2331710287686866,0.2789818045072082,0.22566388774957954
1,0.010004902236321962,0.3534685190897152,0.5421014269684037,0.08920020000505678,0.00522495170050226
1,0.004373581655363019,0.13855118120115356,0.7204660257945162,0.053215496319604455,0.0833937150293629
4,0.003959239546191748,0.3102993760345195,0.14674512207064885,0.03871741392425871,0.5002788484243812
4,0.0009597169122770509,0.027159254271649877,0.9697642101775753,2.7720578273174275e-05,0.002089098060224654
4,0.006253526000416247,0.2519673285086867,0.12331491174623621,0.2172796116249057,0.4011846221197552
1,0.15261740539207852,0.5929053158933809,0.14063969553146005,0.10089533760372112,0.012942245579359381
3,0.05601940608331165,0.44820155021583696,0.2816141266824908,0.13634576050898065,0.07781915650937989
2,0.17550462749325094,0.39219747885164835,0.16706338647748098,0.1374833796624815,0.12775112751513815
1,0.013302298164220914,0.3872368323347014,0.3854840341604663,0.13856427677326374,0.07541255856734781
1,0.0198466280276979,0.7307270018206119,0.1998799925970489,0.007155607036975206,0.042390770517665974
1,4.2695078018543974e-05,0.039470906562987726,0.7222791682114413,0.23820679296180028,4.371857520787763e-07
2,0.00624949145838357,0.3486721177630462,0.399108900380051,0.24562238499990954,0.00034710539860979475
2,0.04686899301007679,0.4245274140766381,0.32617584949645007,0.18668679781688058,0.01574094559995465
2,0.015788320711526478,0.38573528654987915,0.3191974952660687,0.1149703399525018,0.164308557520024
1,0.017093908044977867,0.725885688500591,0.22028405760248218,0.024752479205357676,0.011983866646591283
4,0.00795719057445301,0.10741600998146575,0.03389844359212804,0.07782193373785837,0.7729064221140949
2,0.003520761423432979,0.15068826250567627,0.4965484388763913,0.34761920183522793,0.001623335359271609
4,1.7888900480005407e-06,1.636979135238648e-06,0.002972378816761942,0.01641656013699048,0.9806076351770643
1,0.0015397526286795456,8.933485325685582e-05,0.948077614289437,3.2127679694055385e-05,0.050261170548932615
2,0.04439123477439316,0.46864234200950955,0.23445335101216364,0.2217808745215868,0.030732197682347005
1,0.002617760161761356,0.013668303183439425,0.2633629265648085,0.5505013107889125,0.1698496993010782
3,0.0006588922204138935,0.16847374219613173,0.5339566618754839,0.2956987884205733,0.001211915287397243
3,1.5543374309030233e-05,0.040280831598195295,0.9036216977403816,0.021047903580972582,0.035034023706141754
4,0.006511956915318665,0.2893287096821941,0.38805592272003286,0.10570277227514863,0.21040063840730575
4,0.07074416877182081,0.374266251346146,0.30695215249586155,0.144448548883322,0.10358887850284958
2,0.00946782629561813,0.7140121175684035,0.16767634372212187,0.10874967706828606,9.403534557036833e-05
0,0.13161790402901327,0.2997364841916413,0.18228255185936867,0.1988781793815828,0.18748488053839393
0,0.08432857447753422,0.25098211404580706,0.2112086654627987,0.23488762694780166,0.21859301906605846
1,0.05782163496273714,0.5119498738387516,0.3512192017251688,0.06326688060163464,0.015742408871707927
0,0.0813756043792107,0.285501130860539,0.3579651682356291,0.1935388275630813,0.08161926896154
2,1.1083502841061866e-07,0.0011090945780550551,0.266739034867643,0.7321280142407278,2.3745478545839037e-05
1,0.021456109421150577,0.395181781676423,0.2926297605695634,0.14518825832254667,0.14554409001031635
0,0.0009497045692496778,0.25962348582370326,0.1456652791098252,0.030677685838675327,0.5630838446585466
2,0.12889861065776187,0.35142188820304293,0.1950903532216783,0.22257266600729397,0.10201648191022276
4,0.017088888213678936,0.11413418889060116,0.3670287701535785,0.01631362621027523,0.4854345265318663
4,0.05253440608162431,0.38913268854843025,0.23056794382838913,0.3178717442277888,0.009893217313767596
2,0.025300969464740218,0.5741981853115578,0.3026950490399397,0.09710466982826499,0.0007011263554973231
1,0.02895933491499455,0.34378863839739826,0.35377488361835846,0.12849393013144614,0.14498321293780234
2,0.04813867344531865,0.16713297949001546,0.27939747206828425,0.3287394378545442,0.17659143714183753
2,0.20829867080321338,0.34669007401509205,0.14411275971374735,0.15374968205937567,0.14714881340857155
2,0.015236557770568062,0.5162683060625535,0.2987665374031895,0.15284483724304046,0.016883761520648462
2,0.009841417676689695,0.34852061395034006,0.5476159728487999,0.08900062488898991,0.005021370635180415
2,0.012927185746188105,0.22271644034332214,0.19878924830341266,0.2794590218753987,0.28610810373167844
2,0.28080737390037325,0.15926961059752828,0.48527485867042197,0.020314903278996203,0.054333253552680344
1,0.026216628392501058,0.616698773638289,0.3304319064381101,0.018330028529187633,0.008322663001912265
4,0.0007865757154562666,0.005946099224301144,0.001929484803200973,0.000396400388702,0.9909414398683397
4,2.0073222081817253e-09,0.0017167853261674906,0.02664409702271521,0.38505344628513216,0.586585669358663
1,1.4978545272526068e-11,0.23407407231026467,0.7656116663527884,0.00031079659937570766,3.4647225927496414e-06
1,0.05128512830560082,0.4754883381335928,0.3269286472037718,0.14566037543418855,0.0006375109228460436
1,0.011906445822020726,0.3699920211071846,0.4081769406607826,0.12648905673302285,0.0834355356769892
4,0.0017827761926850502,0.07389698115392472,0.18312576168287537,0.04240549632078436,0.6987889846497305
3,0.009453372039415195,0.018354586599921865,0.38813640256117016,0.4847272108112754,0.09932842798821737
4,4.172458774469501e-05,6.092030864398838e-07,0.046323377850220136,0.03941500633013231,0.9142192820288164
2,0.12268122884366107,0.4003958628307334,0.195291987678015,0.23389234883109541,0.04773857181649497
2,0.05279255302781509,0.23393226886515364,0.6562238816760048,0.04464705557610547,0.012404240854921034
1,0.09074609175625785,0.406943234890367,0.22144673122324984,0.20341236487940498,0.07745157725072034
1,0.004400472435831886,0.24707453876690136,0.582496007912265,0.16543203692533479,0.0005969439596670823
3,0.034459712139741555,0.46363519493265565,0.21010379814151517,0.18199693190342234,0.10980436288266529
3,4.687833094653984e-05,0.003193337786850692,0.0011111481848917113,0.20408394874423097,0.7915646869530801
1,0.0009913153749701261,0.012794643534793086,0.0009609102271643033,0.1757716550857222,0.8094814757773502
2,0.041826832336137876,0.47537878527164695,0.37642132415540575,0.03085347248364114,0.07551958575316836
1,0.0013527575804340602,0.13644086349840406,0.5332130061013066,0.3289396819578722,5.369086198303627e-05
0,0.12375694197898535,0.4001238232587216,0.19472379503867626,0.23283532539562202,0.04856011432799474
1,0.01027979792089835,0.3667478604756365,0.4117516188318299,0.1281702149742011,0.0830505077974342
1,0.08869099292986207,0.4310085453955807,0.272386587818854,0.1633289587500683,0.04458491510563501
1,0.03309726561819478,0.6660905596642273,0.23892767608044518,0.03160069271810614,0.030283805919026727
4,1.4473616271077643e-09,1.585349654467757e-08,1.8979699953558506e-07,0.0008686033033197589,0.9991311895988224
2,0.20005708615424192,0.3549813207043011,0.14981865490337345,0.1616035312065743,0.1335394070315092
3,0.04878470385223173,0.38609926129285554,0.23239597223484518,0.3240562647240129,0.008663797896054707
2,7.33413675026124e-09,6.892597060139257e-05,0.9999253495854461,4.0318779556018153e-07,5.313922020076096e-06
3,0.007291318271666273,0.2891155818615666,0.5427807226435941,0.1587797503894623,0.0020326268337106474
1,0.06917775631251606,0.2802723406459274,0.45038001933696514,0.1520423205538325,0.048127563150758924
2,0.008000417557340954,0.6945170128523123,0.27185780542743426,0.008918359648294672,0.016706404514617773
1,0.007936842944231278,0.3490506262208242,0.447013632291798,0.14683327626824827,0.04916562227489809
4,0.4228820234209634,0.24977389768473562,0.014594445741208984,0.007698235013597681,0.30505139813949433
1,0.00383858199100863,0.10143614158145302,0.8253464906247228,0.014891627121342236,0.05448715868147334
3,7.673592217214338e-08,2.9383030441670767e-06,0.007327154219990085,0.46387464013449076,0.5287951906065529
3,0.00029615770045238947,0.2615057973259931,0.02477460686708132,0.7132060046460759,0.0002174334603973174
4,0.0008290885079570357,0.0012020323683567132,5.149254131239373e-05,2.6219939366183566e-08,0.9979173603624346
4,1.9651737411015874e-07,7.092587979815468e-07,0.000872203302720203,0.003477584243588241,0.9956493066775194
1,0.10700340053952383,0.2696904800242125,0.2573094725099087,0.23328536286016613,0.13271128406618882
2,0.0035505196553983955,0.061432843968621705,0.6102908768916914,0.32277524890111275,0.0019505105831757578
4,0.01575099148039628,0.3859806924107688,0.2738883123981568,0.1508159849789931,0.17356401873168503
2,0.04998608792190208,0.4867135920800315,0.34349052288846177,0.1029213029980548,0.01688849411154981
2,1.5733163559792065e-12,0.20143099268576523,0.7983314942383561,0.00023719893819988135,3.1413610559393716e-07
1,0.022834677056516036,0.3779878413905685,0.3184950949642208,0.15639305207268214,0.12428933451601264
2,7.693688382628387e-41,1.7203332920220926e-13,1.2168178716049518e-07,0.062091029320584565,0.9379088489974563
2,0.06250772121003266,0.39543582334120136,0.22568957408972512,0.30283069282865394,0.013536188530386928
2,0.01879440082937658,0.34023882359957147,0.5116487622908039,0.12255843779287402,0.00675957548737394
1,0.24858382264810186,0.4397905219160702,0.21702253023095014,0.07619861866392348,0.018404506540954494
1,0.012470431545546693,0.3560643013397004,0.4204224622664964,0.12852898101183308,0.08251382383642344
1,0.17080660010645232,0.5688297153101234,0.207962915984366,0.00570835284719951,0.04669241575185867
1,0.2032861792197917,0.27450857834281667,0.3915710075044634,0.06483823741819789,0.06579599751473027
2,0.0008768216174604219,0.3169543712258095,0.577003773041877,0.09538325164742943,0.009781782467423695
1,0.1734707661596369,0.2917406549624309,0.3760561516237054,0.11080968441100199,0.047922742843224696
2,0.25692080502971193,0.3215811508661795,0.3397815226506436,0.04624040324426927,0.03547611820919575
2,0.3783173152691351,0.44561988100657174,0.11392631202696336,0.03587751687163068,0.02625897482569894
4,0.025632562323535293,0.6689460688077374,0.08135389494315527,0.009396599745808724,0.21467087417976333
1,2.095230593374343e-10,1.1240479891829948e-08,0.0007082779383376111,0.4246194431476656,0.5746722674639938
2,0.01009254075916033,0.4783159905091208,0.27820426724976116,0.15868653798598378,0.07470066349597387
4,0.1096792622165059,0.027276536790436758,0.017161706147550686,0.0001543095160550687,0.8457281853294515
1,0.01588141931931181,0.5084223457297974,0.3030119762752252,0.15502548623270582,0.017658772442959828
3,0.0010759246735533828,0.07099934806927272,0.18405803755128622,0.047692174757230914,0.6961745149486568
1,0.12803616756697977,0.38572272867405855,0.23410227528439315,0.2041761577591795,0.04796267071538904
0,0.10105519728832259,0.4492857825173173,0.3234181454237994,0.11744294552103327,0.008797929249527506
4,0.23565562369822135,0.3913436182003504,0.2331720102465663,0.11537523909984305,0.02445350875501885
2,0.008999799090581772,0.3319724025853708,0.5722352872855896,0.082301107887738,0.0044914031507197
1,0.0019224794876126225,0.015549480210111818,0.053999285253915605,0.06589729066338416,0.8626314643849758
4,0.07123805961513947,0.1909656759686916,0.23316823241546028,0.2789702145848305,0.22565781741587815
1,0.005736845546567047,0.8275588236673231,0.16418585853117096,0.0016924229912431707,0.0008260492636954627
4,0.003735658589937173,0.40482736313638346,0.13818631022040853,0.038624861726086375,0.41462580632718443
4,0.005563533028551306,0.1408604238192623,0.07722354593013989,0.2545656648381302,0.5217868323839163
4,7.263256278611262e-10,4.4953389385680036e-07,2.3633954071045815e-08,0.008371679953119318,0.991627846152707
1,0.20829867080321338,0.34669007401509205,0.14411275971374735,0.15374968205937567,0.14714881340857155
1,0.2044795406363794,0.06942388955788337,0.72290913813813,0.0003662076863025093,0.0028212239813047877
3,9.176745158406194e-05,0.009529376461533587,0.4134806723996145,0.2987981690542719,0.27810001463299594
3,0.004159345320391132,0.20471979817770689,0.33596283873636623,0.09969723774087896,0.3554607800246567
1,8.208158900517076e-06,0.037115057067326776,0.9199637128975527,0.01929038616411998,0.023622635712099684
2,0.003942656779304846,0.3321952412204322,0.5892698047203959,0.07366744836874643,0.0009248489111206672
1,0.04314665911183546,0.008012820869557584,0.48368880565997086,0.0052753989844508695,0.45987631537418516
1,0.16707595071508038,0.33899336436663424,0.27588432782873296,0.19533513959126517,0.02271121749828723
2,0.0009467754707625259,0.33192726118782523,0.5340701525034685,0.11334126864992836,0.01971454218801553
4,0.009185349984881784,0.09823972320583613,0.1597486444603471,0.06584714013315188,0.6669791422157831
3,0.006390773822833658,0.07626871680392595,0.22747661598696703,0.4168807800016045,0.2729831133846689
4,0.21562956684961618,0.2691109330771355,0.1447751390927722,0.1704502202634476,0.20003414071702855
2,0.09178534318952537,0.2791458909880761,0.21473567530476384,0.2420468710655938,0.17228621945204095
2,1.749485513271093e-10,6.411151927751709e-15,7.569192909086806e-09,1.8276259321249584e-08,0.9999999739795928
1,0.06233466524976676,0.6425496661428384,0.10165131013737322,0.16181327242853355,0.03165108604148817
2,4.3756479701111405e-09,0.3062951643946516,0.6913999075078152,0.0022833723412198914,2.155138066530153e-05
1,0.03435184539209461,0.4886755319935847,0.23067392173313508,0.11681108292551651,0.12948761795566907
2,0.008695754257101822,0.36659295459011276,0.43526534732194133,0.1438665810826158,0.045579362748228366
3,4.671431093156293e-09,0.07014134158324299,0.9230431839434168,0.004410198758528396,0.0024052710433808437
4,0.01937180442189312,0.21892002376792952,0.3964994455539264,0.31921638528900975,0.04599234096724116
4,0.0031159526227119015,0.012018105048929317,0.089204062265359,0.43894765223138454,0.45671422783161514
2,0.0034181977574819283,0.25266287208657867,0.4366175298700303,0.30620341041129556,0.0010979898746136245
2,0.023822380881264132,0.2947841600574951,0.3780134420585712,0.2991829079350866,0.004197109067582994
4,0.013474154114304497,0.2640245630547072,0.39728514218106775,0.32358740145349874,0.0016287391964219015
1,3.067661934721464e-20,0.0362009335071549,0.9637757196505489,5.090254436381618e-08,2.3295939751986908e-05
2,0.07060945336385294,0.19040202466971723,0.2368037725336447,0.27624043943395765,0.2259443099988274
3,0.010011591381169076,0.09013329990579445,0.6190644499684098,0.2517618972289205,0.029028761515706162
2,0.07497868217839988,0.38982386779364997,0.23863044115612045,0.275857558914124,0.020709449957705725
0,0.016183134471191005,0.5625705421396737,0.22136982987566078,0.1868267133739666,0.01304978013950787
1,0.01281266248538128,0.08729655738445234,0.26310112605792607,0.6342404929662175,0.0025491611060227295
2,0.00575435955292399,0.4951890639967057,0.47158313371380506,0.026445965702535636,0.0010274770340296027
3,0.0046385801329582674,0.05952690993547674,0.16541079050869148,0.07922084376444842,0.6912028756584251
1,0.0042914301399590606,0.0007029175170147435,0.16800058790854744,0.260774737938164,0.5662303264963148
4,0.004482473353314249,5.360399181149968e-06,2.2547019607827663e-05,0.0009120044797377336,0.9945776147481591
2,0.03071635344782676,0.5566566467828092,0.24721807880347027,0.017492215102626694,0.147916705863267
3,0.012875809312484622,0.14809604478012736,0.32824247796135136,0.4307997944094306,0.07998587353660594
2,0.11814973117117689,0.4225737426632689,0.3671037167337762,0.08573230985872667,0.0064404995730512156
4,0.013594063820206044,0.0013706789982775498,0.0008543677400112509,0.034767667815828636,0.9494132216256767
2,0.010432539109388872,0.022077159453628776,0.3966974492035278,0.48129264539963207,0.08950020683382244
1,0.015889452429517878,0.4114825938567717,0.4197000580057739,0.1528698198663676,5.8075841568852165e-05
3,0.0012381562789295494,0.03079435875509109,0.9644355545689827,1.6042626254271602e-05,0.0035158877707423316
4,0.004821620762349468,0.0016103360213469947,0.36280546113098816,0.34140186035389614,0.2893607217314192
4,0.00024862594943375073,0.019599287039870815,0.23881626734082315,0.5124947934598489,0.2288410262100234
4,2.1038175204492263e-17,7.730151516429689e-08,3.423224345281047e-09,0.00012992638832212846,0.9998699928869383
4,0.014265288056319454,0.13452806864798048,0.17456051983688975,0.37005481520776407,0.3065913082510463
1,0.23650196227164832,0.7046839325027547,0.0552773033678262,0.00303274251546717,0.0005040593423035853
3,0.12296022041460275,0.40032630721843876,0.19514473885055075,0.2336178801548963,0.047950853361511545
1,0.010492379871197773,0.46213837751942144,0.27805189453836393,0.14750735170614104,0.10180999636487581
2,0.007545960821468053,0.47199465908100946,0.31091516350808435,0.1324004174874793,0.07714379910195895
2,4.327688228411933e-05,0.002958619131549776,0.23602532111704919,0.4147509615151063,0.34622182135401064
3,0.05692268330004743,0.3737843734976323,0.41552194651477753,0.1532625349625409,0.0005084617250018604
1,0.00023026623109970282,0.048693423363878406,0.8856247376869499,0.015578398509957977,0.04987317420811392
2,0.030440399418730845,0.23658157070796768,0.5257841724893649,0.16355067326385442,0.043643184120082286
1,0.022620185962348566,0.5214953876050662,0.18377051250287682,0.09910427862558034,0.17300963530412805
4,2.176033043796202e-06,4.583840700319242e-08,0.00010898890080198886,0.00010389157961812656,0.9997848976481291
4,0.0003669291613444696,0.014624222418373637,1.090269300097623e-07,8.257252169262021e-08,0.9850086568208303
3,0.0033742487169121076,0.33798100113548424,0.4222782581781553,0.18121329024336846,0.05515320172607995
3,0.0008222507792106411,0.11889517716521761,0.04449301398926515,0.8296154861289555,0.006174071937351028
1,0.012124518665966217,0.7962632217909436,0.145317921633642,0.007924373878127096,0.03836996403132119
3,0.005186752740608287,0.45830246679371983,0.35701115058604466,0.12031782033340917,0.059181809546217955
4,0.034358647967177955,0.3800276919633048,0.4307139003006029,0.11208074777567019,0.042819011993244185
2,0.004178423107388342,0.10450676609183539,0.5888059987593138,0.30169811751929987,0.0008106945221627033
2,0.01937056258143268,0.3643504245296695,0.25988743883964077,0.18875858525478414,0.167632988794473
3,0.012346420079253077,0.3670144922705372,0.40677660851325415,0.12681068867223586,0.08705179046471978
3,0.013915526039331296,0.4819885562847934,0.3300686874023685,0.16103352009662278,0.012993710176884084
4,0.00021080167064432115,2.1550840201224362e-05,7.41237514233834e-05,0.008733573677042843,0.9909599500606883
3,0.297170343392701,0.2924393574752223,0.17883014054342178,0.1370190668857539,0.09454109170290101
2,0.31583770940322053,0.6236578746336996,0.05419654207470056,0.004498284479720115,0.0018095894086592893
2,0.00031744370387956763,0.20473930082943595,0.5487115011324599,0.17943965880226365,0.06679209553196103
3,0.01492554495247658,0.0235778720114978,0.07541489384322325,0.42117555361561854,0.4649061355771839
3,0.020831670345181894,0.2864266560948295,0.3857608044680095,0.30358944687923256,0.0033914222127465737
1,0.057904018221623374,0.3717734927272989,0.41654424555458597,0.15325745977445873,0.0005207837220329412
1,0.0021063983231236413,0.15420703995420695,0.5177587382710275,0.3258216947115506,0.00010612874009132537
1,0.12177105944687497,0.3824740835432073,0.22999115409003087,0.21303902939904332,0.05272467352084355
0,0.2961134797513059,0.293035438945215,0.2033861949563363,0.10456259669306328,0.10290228965407938
1,0.015419581732333761,0.6036248610541973,0.3436505534066537,0.022256389799184928,0.015048614007630117
1,0.00014509646334255483,0.2889478269590298,0.43743608770628833,0.2551493266168837,0.018321662254455577
2,0.010089691084584105,0.3667241125273385,0.4132738029956807,0.12949214569879314,0.08042024769360345
4,0.019630186810989922,0.26140592575185134,0.19245192278702178,0.13724925075993438,0.38926271389020245
1,0.0781828442750152,0.2744955173718106,0.2016063636402236,0.21952783453150304,0.22618744018144749
2,0.017083617926735285,0.2752829292485522,0.3937592620302327,0.3114248308827065,0.0024493599117733134
2,0.006882654470671495,0.36924486434158993,0.09977785729870814,0.1029307570705065,0.4211638668185239
2,8.142646652089338e-05,0.4618303663704524,0.5370413367736018,0.0010355952944195528,1.1275095005407936e-05
3,0.016783769206949097,0.39005560378136217,0.3557966465246926,0.1421554431001972,0.09520853738679891
2,0.007630405227846989,0.4135465617092297,0.24504140156292056,0.13242889134542415,0.20135274015457857
1,0.012426602057832175,0.5062681455827681,0.42609110685055085,0.04889256312643249,0.006321582382416279
1,0.288204187092265,0.25648371187857905,0.16826271867225376,0.15600907226273794,0.1310403100941643
3,9.741286861293177e-05,0.014839188386522126,0.07896291770206401,0.4278832682365531,0.47821721280624796
4,0.20312299139966236,0.06071713115504898,0.041954124575339646,0.000191916298775757,0.6940138365711732
4,0.00367241144430015,0.057420984778075036,0.9260621659649222,0.0007133130085119014,0.012131124804190726
1,0.15203994472478094,0.3930604500071941,0.35967216368203936,0.08087944440942639,0.014347997176559277
2,0.3021613804904139,0.27799200382643274,0.17056475828531714,0.1382489443610283,0.11103291303680796
2,0.0064226573476006766,0.35601432111146775,0.3949014803716993,0.24232229361224858,0.00033924755698383
2,0.02324120471234163,0.37267911846021573,0.3397363130747589,0.2394948776928536,0.02484848605983015
2,5.0103784387734206e-05,0.03273799748414306,0.8173457143194347,0.12870293736304214,0.021163247048992414
2,0.01936868565578681,0.5027613173872681,0.28028672568137963,0.09634982285496778,0.10123344842059771
4,0.004957394526870574,0.20477197408241304,0.2666872906229432,0.02959358946012186,0.4939897513076513
2,0.0016852517229638268,0.01908523785409313,0.17132985284112204,0.35151224362918443,0.4563874139526366
2,2.314198598409883e-08,0.16495526527233906,0.8181823228339551,0.01685259132778958,9.797423930230427e-06
3,0.12033707916185418,0.4009524717544285,0.19652608387323653,0.23620775227362154,0.0459766129368593
1,0.1512862486021153,0.5940336116609363,0.1409022513464492,0.10104704975495307,0.01273083863554629
4,1.2131734668204215e-11,1.9463785286555687e-13,2.1711363442231295e-09,0.005026783278430953,0.9949732145381063
2,0.009622269646308666,0.2957344409598011,0.3740437409866955,0.12211622105115336,0.19848332735604135
4,0.0002934351482061461,0.03925797736280162,0.17802043820361357,0.004345252081217909,0.7780828972041608
0,0.3063451182523356,0.26148846072716336,0.16103721958679476,0.13896359713328715,0.13216560430041907
1,0.023989258366615696,0.4035380888036293,0.26184362136582434,0.1642151804849421,0.1464138509789885
3,0.20829867080321338,0.34669007401509205,0.14411275971374735,0.15374968205937567,0.14714881340857155
2,0.00542964343306623,0.4009486879997593,0.4295539129360656,0.12150300123549274,0.042564754395616085
3,0.28846543015976517,0.40181444846761355,0.11886252770170544,0.09431772335280438,0.0965398703181114
3,0.005592690041740896,0.1538270844046416,0.3724874337602478,0.3859111668767115,0.08218162491665819
4,0.08286732766918221,0.24911325798488754,0.21219694994541757,0.23615549737516103,0.21966696702535154
2,9.517847598235308e-05,0.05840115929332491,0.032019210780574875,0.9079416817288,0.0015427697213180117
3,0.007296403365895719,0.28889710082299846,0.5428269187215234,0.15894305010307908,0.0020365269865034166
3,0.0008512916841738214,0.0015880617056783428,0.3818759922942663,0.2859919541245994,0.32969270019128216
2,0.0005551433773013709,1.5119322232157562e-07,9.382968648717716e-05,3.576998565262202e-07,0.9993505180431326
2,0.025408832822349327,0.14219729773764575,0.2584605723337722,0.301600781055183,0.27233251605104963
3,0.01382856860373624,0.38030714565893753,0.26598491951521036,0.15498218143631468,0.18489718478580122
2,0.06115949167845569,0.07689588498336472,0.8319694833684059,0.02909605183489067,0.000879088134883121
4,0.000567868848109934,0.000767666152878887,2.3029846152094144e-05,2.0359066672443775e-08,0.9986414147937924
4,0.002037009691750542,0.008851398261271109,0.0832093425518571,0.4438856681087363,0.4620165813863849
2,0.02383306576281029,0.3961226589052846,0.2769730123587417,0.16820368095245392,0.13486758202070942
1,0.03878526336388668,0.20862642240162937,0.5862255608341878,0.13275877929084506,0.03360397410945112
1,0.004207308760577609,0.624758631411255,0.21471307121225452,0.04866946586294711,0.10765152275296569
1,0.0019406619663830968,0.13569254800096298,0.536143945439682,0.3258404912469946,0.00038235334597729964
3,0.028750453586139094,0.15164244730499524,0.25553997281274404,0.2960498376985555,0.26801728859756613
1,0.018326303835951872,0.4270601553132861,0.22662761672862916,0.27026052522080535,0.0577253989013274
4,0.012154410457549152,0.12767528486087099,0.1058444203232733,0.1179234445985596,0.6364024397597469
2,0.3251657753283499,0.4584175483214422,0.14685055986761197,0.0486431962197844,0.020922920262811597
0,0.2233203740883068,0.5313447489549303,0.12624643467978988,0.09209246460659198,0.026995977670381217
1,0.005177240492807019,0.005466007009781845,0.3140610800451617,0.47513787243105976,0.20015780002118957
1,0.15185094280779649,0.37848699317005224,0.2361867855291553,0.18157333719507918,0.05190194129791695
2,5.490988751557504e-06,3.0352498558620444e-07,0.001884827042151302,0.247212977860227,0.7508964005838845
2,0.001322823144564315,0.00028057302046355874,0.9100968724045457,0.0001843043187477026,0.08811542711167852
2,6.69528117117318e-06,0.018537541240629476,0.11606304137467825,0.8650928433201167,0.00029987878340445074
1,0.0012701018754877667,0.24538645567587594,0.6888045147085026,0.06434358617670179,0.00019534156343206636
2,0.008876370004174875,0.40373946829754837,0.338126248425752,0.2039724236477373,0.045285489624787456
1,0.024559520466475936,0.3579975703821159,0.3323966653467672,0.15508623574760336,0.12996000805703767
3,0.0009124729197773795,0.05211282480777114,0.31591375414371275,0.5907502821534655,0.04031066597527337
1,0.0016464918169601366,0.11504354807362807,0.31161460221339915,0.5706964193804925,0.0009989385155201285
1,0.009962301911151461,0.330229309743207,0.5315784307826323,0.12554549781701854,0.0026844597459905668
0,0.024657905264448894,0.5682870637734229,0.22517269602145254,0.11373790199846356,0.0681444329422121
4,0.00828396634317228,0.3498181698433647,0.3081859825432676,0.020257382832224263,0.31345449843797113
1,0.03461825624252463,0.3298625422005141,0.4056106240516964,0.22924222763515045,0.0006663498701144788
4,0.05649911932529222,0.18557131993116552,0.19471490983236445,0.287510934607877,0.27570371630330065
0,0.4852263167743318,0.2510773543408579,0.11701685725437287,0.06795667630253098,0.07872279532790652
2,0.01576150543252045,0.3876841784323524,0.21105341026905053,0.3271818349327558,0.05831907093332058
3,0.01313018410306857,0.5119826892834465,0.33636479462852203,0.12222635924023119,0.016295972744731883
2,0.11329890547482561,0.038201137408424575,0.8240641283384147,0.0037675566291628638,0.02066827214917228
2,2.3324489973796513e-17,0.16252964686135882,0.8374057310359155,6.46221026050539e-05,1.2062392433749822e-13
3,1.3883572179790811e-09,0.5052035463656982,0.4942102268921034,0.0005789628809514727,7.262472889664343e-06
2,0.3063451182523356,0.26148846072716336,0.16103721958679476,0.13896359713328715,0.13216560430041907
4,3.002315370827032e-06,0.03213851335354149,0.06658105443934831,0.3531857743153886,0.5480916555763509
3,0.0018040296210855768,0.16213978840063198,0.29371199573823226,0.033524735831446335,0.508819450408604
1,0.0040016065572709494,0.06819699697603863,0.6094937221428912,0.31654348691745626,0.0017641874063428274
4,0.3063451182523356,0.26148846072716336,0.16103721958679476,0.13896359713328715,0.13216560430041907
