target,prediction_0,prediction_1,prediction_2,prediction_3,prediction_4
4,7.551557677474202e-14,8.667778736304713e-09,2.474024179185958e-08,1.8441177222111903e-07,0.9999997821801317
1,0.003584856050608913,0.9667193855558462,0.0296950760598205,6.654864361103521e-07,1.684728819389083e-08
2,1.7873256707317774e-16,2.3130275005754537e-09,0.0002896602429231999,0.0070927332144076405,0.9926176042296414
2,2.2984749127651943e-07,0.0007953702994185037,0.9767756146329334,0.022389275162856465,3.951005730037603e-05
1,0.13910240860786713,0.8573085389505404,0.003586147323653318,1.8867921720031506e-06,1.0183257670876495e-06
1,3.202740657586092e-05,0.9999389067902266,2.6687694499349087e-07,2.8798715114997154e-05,2.1113746483395702e-10
4,2.989016928141647e-07,1.1160841834983441e-07,3.635071740824832e-09,3.3231558213992446e-05,0.9999663542966032
4,3.159770957367408e-14,1.8892126246410256e-07,0.0023905196191099346,0.009161816763906741,0.9884474746956892
3,1.2951187404166018e-15,2.644853500581311e-06,0.004463243215131346,0.99552725309673,6.8588346369357005e-06
1,0.015840392289523345,0.9838985353798864,8.206416914809593e-05,0.00017892691503993376,8.124640207214689e-08
3,5.862109683281046e-12,3.4211179260516857e-09,0.1009839626866287,0.7510083859007448,0.1480076479856465
3,2.4546897133725816e-13,2.2766100042678794e-05,0.05752064960692128,0.9169775849183627,0.025478999374427994
4,1.4972016057246076e-11,3.8011044271865974e-08,2.955704859163037e-07,2.8835826376105436e-07,0.9999993780452341
3,2.3774963349691856e-11,4.345097190183141e-09,0.03672665621667724,0.6674627139448714,0.2958106254695792
2,4.422318830952942e-08,0.0002796972540264245,0.052636481429019846,0.3678677101792131,0.5792160669145523
2,5.5719289477058164e-27,4.00542216849094e-09,0.999641604320482,0.00035839167409267925,3.1614176824605262e-15
4,3.0828849920688396e-07,1.1263488140526669e-07,2.843048163274957e-09,2.945975218263289e-05,0.9999701164813886
4,3.08997595876882e-12,3.389912785998911e-08,0.00029487584109282755,0.06645119644026952,0.9332538938164199
2,2.7918968029584156e-18,3.964138317910624e-08,5.583838474381992e-06,0.0105068230821691,0.9894875534379733
1,0.00036838863610684405,0.999631252068552,1.529252568640716e-07,2.063669082374062e-07,3.1761664192075318e-12
4,5.098712106610785e-25,1.3608240627995874e-09,5.345117039727939e-07,0.03139974293891612,0.9685997211885559
1,0.0025801129646851294,0.9915154415867161,0.005903861773023698,5.2800676567169e-07,5.566880954075346e-08
0,0.9999564843854633,4.351101322552397e-05,4.0473083930598234e-20,4.601140077085249e-09,1.7115101982557054e-13
2,1.5200860928297384e-08,0.019521012402450244,0.9776098355032116,0.0028691077714145933,2.9122062716200712e-08
2,8.76821150618179e-06,0.3568253260653643,0.5631360972694668,0.08002497058019976,4.837873462881022e-06
1,0.5488946957752114,0.4510252514808941,7.475325038043529e-05,1.9190320147466603e-09,5.2975744820238765e-06
4,1.180960898548413e-08,0.0001409944079748521,0.004844314468435018,0.027722296111168464,0.9672923832028126
2,0.0002550518584722642,0.944629532548845,0.055114865187863564,5.503829088217055e-07,2.191025992041453e-11
1,2.5793389940912778e-06,0.6938335698382477,0.3049503293473205,0.001213520742785521,7.326519517867511e-10
4,2.903708609348264e-20,9.531077474588297e-10,0.000256219738949078,0.052991557783579196,0.9467522215243639
0,0.11838146115816518,0.880969949866581,0.00017472120089240698,0.00016141235276345743,0.00031245542159792964
1,4.2818414242964924e-05,0.9897094786230106,0.01024769989541005,3.063899529836226e-09,3.436919923894764e-12
1,0.002808577106002889,0.9966831478485986,0.00035543500819667714,0.00015282243489563442,1.7602306114989318e-08
3,3.456093605671205e-17,6.457657305285949e-09,0.0003155260614394019,0.9996370235786411,4.7443902262100705e-05
2,2.1949616105114706e-05,0.004101200409105565,0.9590474269433644,0.0367611007170228,6.832231440222343e-05
2,3.775670166344896e-05,0.3971566859200191,0.5424304726685236,0.06036982095474619,5.263755047692572e-06
2,3.9223036522182326e-05,0.04529980530098641,0.9274400219011706,0.027124158066578044,9.679169474266357e-05
1,1.1795961387953437e-06,0.29067464149057926,0.3406874155264303,0.3686367538819435,9.504908033761969e-09
3,2.1837228861898355e-18,1.322344202567599e-09,0.0004899133908799152,0.9994451566386011,6.49286481747995e-05
3,1.2929937081044416e-10,2.397433444119045e-08,0.006780125807950784,0.049198999625780296,0.9440208504626351
1,4.28163594283445e-05,0.991407252537221,0.008549928968004704,2.1327925707012106e-09,2.553421800339488e-12
1,0.0034417316514390333,0.9180300114678284,0.07850990921144647,1.7246261973813645e-05,1.1014073125167413e-06
4,3.4151856237158207e-06,0.017567920714113335,0.9525782783550716,7.85839919988976e-05,0.02977180175319231
1,0.01932540452527579,0.9582773912141574,0.022396499907834353,6.9501687675629e-07,9.335855418547631e-09
4,5.287818662500081e-20,6.933714177043431e-10,0.0003164606265707705,0.16074919739074342,0.8389343412893144
4,3.363387340972875e-12,3.5301665187562834e-05,0.024679521533329914,0.583943760932923,0.3913414158651961
1,0.450232442124748,0.5496584789937914,9.688833113359656e-06,9.611897698037638e-05,3.2710713669093077e-06
2,1.0897058744003483e-10,0.0003986366974341259,0.9987618483220534,0.0008395096322181985,5.239323595680579e-09
2,1.9008753023803766e-07,0.019339621939785067,0.9234091075468104,0.05725075725361918,3.2317225517843197e-07
3,0.0005545057469408582,0.08681423697140267,0.15105550671414655,0.7589233145508507,0.0026524360166592536
4,4.059919603412501e-45,1.3050966621769015e-26,1.6729156495754574e-12,2.8676862658218278e-09,0.9999999971306408
3,2.462649828172038e-09,2.3185819082667163e-05,0.012057202653039195,0.3366061780876891,0.6513134309775391
1,0.00017243182289992294,0.9940283965550071,0.005798730639941085,4.4064924095097613e-07,3.329109519823824e-10
4,2.5199248841004447e-13,1.6415842744029445e-08,0.003979243949502312,0.12492701712702887,0.871093722507374
2,8.638866056768681e-14,0.003744602601880362,0.9962427617486014,1.2635630111503517e-05,1.9320245166317532e-11
4,2.3802111453505174e-47,1.5172522633213266e-28,1.0283879489281442e-13,3.6521539750397184e-10,0.9999999996346818
4,9.471010844152426e-27,4.9179140125874445e-11,6.583830045678188e-08,0.0008402491405985977,0.9991596849719216
0,0.29575822877987906,0.7042283499971976,3.7629011602154e-08,1.268212644915719e-05,7.014674626573379e-07
1,9.660754758589287e-05,0.998087532748525,0.0018158559614572386,2.1836916014824173e-09,1.558740213458125e-09
0,0.9115319332810679,0.08846739971310114,2.249994870600178e-10,6.618281444658525e-07,4.952687203401578e-09
1,0.0017306548832196665,0.9856960635059461,0.012167975176025908,0.0004049527364295786,3.5369837867776394e-07
1,4.381772902729001e-05,0.991847440984206,0.008108739250423509,2.033765747830311e-09,2.577360257708321e-12
3,2.7794922748618307e-07,0.00017787742608321112,0.235741694015085,0.6904251183017309,0.07365503230787339
1,0.00280648367438121,0.9968536104980197,0.00018713617836932023,0.00015276341726206527,6.231967751976017e-09
2,3.047905661931109e-11,0.00037966865831358295,0.9365003266685956,0.06311990063458417,1.040080275297188e-07
0,0.4138590618519465,0.58563662219585,0.0005042422265494214,7.215858363022565e-09,6.650979586378984e-08
1,0.00039545520488038356,0.9996023645739851,3.3822284487963007e-07,1.841962334018327e-06,3.5955782773303075e-11
4,2.5799090387929313e-18,3.898618615270101e-14,1.2158063860255992e-06,0.0007653182663293407,0.9992334659272457
3,4.0098130777488845e-17,1.2878761709431496e-07,0.0017090317161420612,0.9654411310777264,0.03284970841851429
1,6.504699093157582e-05,0.9994542440422347,0.00014162138354703165,0.00033908362964011837,3.9536465069346836e-09
0,0.8520152712971854,0.14798472770449167,5.625575262923513e-13,6.713969389231049e-10,3.2636331870258696e-10
4,7.684231531605109e-08,6.479411911981962e-09,4.145618646627514e-10,1.4571635587041509e-05,0.9999853446281239
1,4.2238273341423804e-07,0.9946767530688126,0.005321924871765832,8.996338327541245e-07,4.2855409164089777e-11
3,3.5954039748807336e-09,1.7748401780492326e-05,0.23486561967865516,0.6795000124083568,0.08561661591580363
3,3.6762741673585814e-09,0.0032276453189066796,0.8673308703006593,0.12944042609676656,1.0546073934926865e-06
3,1.379188422175072e-09,3.8926809165656964e-05,0.15515596872934728,0.8325037477665788,0.012301355315720009
2,4.742957111292019e-08,0.08247855169495533,0.91744110173994,8.029318645270921e-05,5.949080871392835e-09
3,8.874236940400372e-11,3.7499562293944684e-05,0.09305632895243433,0.9055866192967027,0.0013195520998265954
0,0.17566588278900291,0.8243197242942513,1.4371159401176303e-05,2.309474191780203e-10,2.152639715806435e-08
2,8.68647425765522e-08,0.01248177339682588,0.8735108661878583,0.11400462642550455,2.6471250686965795e-06
4,5.747101002120583e-15,2.7248957288225258e-12,0.00014311928062051934,0.00724455968375969,0.9926123210328892
3,3.6616628186145784e-08,0.005295194375944993,0.4607098418896807,0.4151585834930762,0.11883634362466995
4,2.5509939918270305e-17,1.4873883667878536e-10,0.0001441206889447787,0.005280484474188646,0.9945753946881276
3,5.715905283039014e-08,4.832613250972733e-06,0.18089165456597103,0.32010050202336493,0.4990029536383601
3,4.607318649649498e-05,0.2553758052906268,0.6699415280576553,0.07463336294728073,3.230517940784142e-06
4,6.248286977129928e-15,4.732615470936524e-06,0.14259916544588092,0.8572279437349409,0.0001681582037009189
0,0.6517816376152672,0.3475559094604627,0.0006621055001803378,6.20653896820354e-08,2.8535870004057643e-07
2,6.324378036023288e-07,0.08871671415302022,0.859800785343114,0.051480225570377874,1.6424956843475505e-06
1,1.3886089817694393e-05,0.4865231009980689,0.5077957283672808,0.005667279177038463,5.36779414351515e-09
2,1.3591618287049466e-09,0.016509689740882558,0.983260962596407,0.00022932016903378733,2.6134514921222144e-08
1,4.269027292050064e-05,0.9999566728858099,4.2778968130021435e-08,5.940598768569973e-07,2.4244435584859887e-12
4,6.778863112254918e-14,8.141134455675095e-09,2.253630172010583e-08,1.764514609334893e-07,0.9999997928710351
2,1.3097064360876438e-10,0.00034233836308192653,0.9883212208369326,0.011336366596168906,7.407284569935332e-08
4,8.422630608328203e-15,1.8555165211648754e-08,0.000514679943951899,0.1254154114630101,0.8740698900378643
1,0.010809393325155332,0.9852421585660107,0.003934764860725133,1.3680070382522723e-05,3.177726043143229e-09
2,2.65739234467644e-08,0.008981818691836823,0.9802079228699118,0.010810074371466962,1.574928609083575e-07
2,6.683055721780028e-14,8.985025525696353e-06,0.00010946302175807424,0.06947059360887095,0.9304109583437785
2,1.4811933897831851e-07,0.06659541135608568,0.8983776642548987,0.035026770190852756,6.0788237718381045e-09
0,0.9687724957031663,0.031227462213455043,1.549871727341396e-10,2.538112400440235e-08,1.6547267413623157e-08
2,6.6811422136544245e-09,1.9443027392597217e-05,0.6869173783781007,0.3079155569803195,0.005147614933044986
2,4.0186259320274116e-08,0.037245639537402044,0.9621739178963826,0.0005803962123799014,6.167576437355173e-09
2,4.432637543200614e-05,0.6409861184332007,0.35876224093251924,0.0002070697529246331,2.4450592324785835e-07
1,0.09987633817773303,0.8999950935859461,3.298206514395977e-05,9.512728929002017e-05,4.5888188680567005e-07
1,0.023064267828582882,0.8221036566472083,0.13784304347268783,0.016982385647511648,6.646404009410544e-06
1,0.00937459581706847,0.9728372680876237,0.01778529835813561,2.475921674327794e-06,3.6181549781468536e-07
3,2.963256103636324e-10,1.4939580537601071e-07,0.5450045390879773,0.4394357708589414,0.015559540360950213
1,0.19839014127911814,0.8015144502653072,1.933828768541101e-05,7.33590537409121e-05,2.7111141484495236e-06
4,1.0556438243416464e-13,1.065028296335956e-08,4.7745255745952125e-08,5.058058172506364e-07,0.9999994357985386
2,5.569766863847982e-07,0.5130100642822006,0.48669439265398773,0.0002949824317032549,3.6554219635163413e-09
3,2.1176406981905888e-10,2.9891160888733907e-05,0.21664406228931013,0.7776018738034413,0.005724172534595864
2,2.0300608166721545e-06,0.11706394913594263,0.7945214183424287,0.08840756045507275,5.042005739306908e-06
3,2.637262764302948e-13,1.086166912096075e-05,0.02822295703787839,0.8680778793880499,0.10368830190468696
2,1.7913847484759376e-07,0.04475104361061125,0.9525726794092826,0.002676029313882435,6.852774868351516e-08
4,7.367956889275368e-30,2.6744130164840773e-12,1.772216903471724e-08,0.0011480510579669253,0.9988519312171895
4,4.440599592150882e-15,2.1247318923780648e-07,0.0083474786100566,0.2632222674093762,0.7284300415073734
1,4.1995649652199874e-05,0.9896395493020509,0.010318451982656192,3.0622495139135486e-09,3.3913566798858638e-12
4,2.4216734462435557e-47,1.5100193794193567e-28,1.0347139509093999e-13,3.64011243495762e-10,0.9999999996358853
1,1.4052695003623693e-05,0.9999785886613384,7.358483707262494e-06,1.5981672602441347e-10,1.3399426501947838e-13
2,8.254514272755055e-08,0.0018468882005601521,0.9919845705402838,0.006166797673245736,1.661040767674113e-06
3,4.196444174214878e-11,5.6287629052948114e-08,0.024157264533236068,0.35732778739187976,0.6185148917452906
1,0.0007266579212560314,0.9941475105266604,0.005125350926237572,4.793832574690717e-07,1.2425885570996284e-09
1,0.0008675101292100309,0.997040162591467,0.0020923266503983305,6.21715558817795e-10,7.209022261492383e-12
4,7.559458935740923e-14,8.737605575192726e-09,2.554875187093161e-08,1.885125182312291e-07,0.9999997772010488
4,2.3846740655693737e-12,1.844421374608447e-10,0.0005301042673080185,0.016762712376917795,0.9827071831689473
4,9.606676116031777e-25,5.854921388213206e-19,1.2261234164247982e-08,6.205553303996476e-05,0.9999379322057258
1,4.474354649413278e-06,0.9459986115655477,0.053995234550843436,1.679114176357765e-06,4.147830717099116e-10
3,2.180398586202249e-09,1.169382320771821e-05,0.10538689181032837,0.8726543371615,0.021947075024565374
2,4.1548085661412424e-07,0.1933491015813843,0.7906999359825012,0.015950411029180028,1.3592607792339946e-07
1,0.00025977864365372424,0.9952668948555834,0.004473324818772154,1.6747303230290364e-09,7.260456270455131e-12
1,0.002698482668781023,0.99718573204175,8.970128161471567e-06,0.00010678193536592723,3.322594153166351e-08
1,6.569254555773459e-05,0.5913911866355084,0.14471573563566612,0.2638273765731575,8.610110252489093e-09
2,2.438537390905118e-16,0.00011403688485307765,0.9924683002274818,0.007417662744086081,1.4357869033351596e-10
2,1.0066405231719042e-11,0.00018502620428165618,0.9208085985245569,0.07900630480383665,7.045725852202436e-08
2,4.270360980725015e-07,0.06084418137334896,0.9378818562226475,0.0012735036768580855,3.169104714315072e-08
1,0.054263778545657324,0.9444792780842741,0.00042442744273979194,0.0008178937611455145,1.4622166183102224e-05
4,0.00012250130532002733,0.00014455227235008256,1.2900575107471768e-06,0.00017383251414454856,0.9995578238506746
2,2.8636753214893285e-20,3.3875952744280736e-07,0.9980520377890187,0.0019476232145676131,2.3688628847053024e-10
4,3.311145086017292e-47,1.7954536350405507e-28,2.344313441241158e-13,9.693437738769535e-10,0.9999999990304218
1,0.010593465382142848,0.9846572089922351,0.004748021409759904,3.0907156347680406e-07,9.951442988052882e-07
2,1.332083499890849e-08,0.002353366520409147,0.9895743365655384,0.008071905312288328,3.7828092907604927e-07
1,0.13543290959847992,0.8538858675059422,0.010642718589063094,2.1741661442140426e-05,1.6762645072481694e-05
3,1.4757383066163164e-12,1.5083977192610209e-09,0.16467666340466192,0.8037281839713116,0.031595151114152925
3,2.1766843148790404e-13,1.0198969105476426e-08,0.006094055238719441,0.9936845599960322,0.00022137456606162562
4,6.553548561019657e-14,9.396792732883451e-07,0.011176000543789982,0.6607567269208359,0.32806633285603526
4,6.057187969043602e-13,8.348425229120704e-09,0.00212433534107701,0.15670959462070705,0.841166061689185
2,2.6983056043236917e-18,0.00038407661483984924,0.9996157586821562,1.647030000492356e-07,3.8689314944588375e-15
0,0.009254339561076083,0.990598253201987,2.5761193077881546e-05,0.00012159141857015776,5.462528897083226e-08
0,0.9310130998663446,0.0689868354933367,9.684988528993075e-10,5.981700338004906e-08,3.854816562534632e-09
1,0.01231781709174314,0.9652210289832913,0.022448475629579495,1.010645066948902e-05,2.571844716586105e-06
0,0.9194337622890072,0.08055709151771977,8.153526245375635e-06,4.689693011592273e-09,9.879773348226046e-07
2,2.5656869056790467e-11,0.0007104981710062537,0.8026968773740475,0.19659260767428222,1.6755007182432463e-08
1,0.004147305763244684,0.9762928321012343,0.019559615622173003,2.4235718088581233e-07,4.15616710615774e-09
0,0.0006103223391935609,0.9988838561134907,0.00011743344527282951,9.826574089730623e-09,0.00038837827546861053
2,6.910995288179534e-07,0.5167458212461848,0.417981936160141,0.06144452369152437,0.0038270278026209612
4,7.824812793814857e-08,3.5265838154127946e-05,4.58258799152655e-05,3.318414443122617e-05,0.9998856458893715
4,5.64296879680816e-22,1.4750848161387011e-08,4.1966973710406354e-06,0.016492991025494695,0.983502797526286
2,1.274695852309336e-06,0.2531308968413249,0.7384630022701697,0.008404758080956243,6.811169690049861e-08
1,0.0005676897778627069,0.9869239418615428,0.009266745876626186,0.0032416096154086393,1.2868559724058918e-08
2,1.7115552394534768e-05,0.13012921314718306,0.8596867540538491,0.01014038653429137,2.6530712281917416e-05
2,2.0458477217858557e-11,0.0025775727842286514,0.040836939545947824,0.9017244837308304,0.05486100391853461
2,8.579048973864999e-08,0.014035759615104807,0.9780837022366268,0.007880307091247037,1.4526653145801874e-07
2,1.1831821303865318e-07,0.012341022635954869,0.9788339869907264,0.008824526751439547,3.4530366595439793e-07
2,1.7304152732092263e-08,0.1043429877280762,0.8956304931252327,2.650153401369442e-05,3.0852460006244847e-10
2,2.349155893472794e-08,0.08242775466398247,0.9171315924233613,0.0004406144156773679,1.500542004905996e-08
1,0.00011504253660294891,0.1707607214049131,0.8257838295284142,0.0032576968308705542,8.270969919901196e-05
4,5.233043848775845e-10,7.603568207375439e-07,2.6991199692968372e-06,9.24698931481555e-07,0.999995615300974
4,9.369943486621191e-09,0.00012644169907412352,0.0046587015822637705,0.02454520780460458,0.970669639544114
1,2.085604822655698e-06,0.9999976281283657,1.5119080035617085e-07,1.350758443049581e-07,1.6702250027205e-13
1,3.208807814678311e-08,0.05449560183771328,0.9453871784105089,0.0001171803954531285,7.268246680487379e-09
1,0.0015464648871680203,0.9754326532913449,0.023020463400894742,4.137099344397602e-07,4.710658114784632e-09
4,3.372905247477381e-11,4.152637681839905e-08,2.3079525647918384e-08,2.5343261961826887e-08,0.9999999100171065
3,1.4359388168100385e-13,1.1700394250839694e-07,0.039243396586902735,0.8450732554976599,0.1156832309113513
4,5.10230478180901e-13,3.989650258470038e-08,0.00013257704047394176,0.07637761959321548,0.9234897634692978
2,4.697698260745687e-10,0.0008284573596392947,0.9270142950287128,0.07215721990535968,2.7236518305376487e-08
2,0.0001469708439182428,0.008437390154257601,0.916824197771878,0.07412201886701512,0.00046942236293107126
1,0.0007435539457226317,0.9992486097997807,2.101618207584957e-06,5.734206202655863e-06,4.3008634904331567e-10
1,3.561288846566527e-05,0.9992635308053599,8.669355632433865e-05,0.0006141457653946745,1.6984455404120327e-08
3,1.2231268977477005e-10,4.370370654865328e-05,0.08132524785946177,0.9172047385723431,0.0014263097393337574
3,1.3698666791921812e-13,2.0428285278430968e-06,0.006567712641343226,0.8790015510612107,0.1144286934687814
1,1.7818921611028653e-06,0.9509689048817366,0.04901134336893363,1.7909262442015918e-05,6.059472649636151e-08
2,1.7849082392725074e-06,0.029672656059310822,0.9639720587107873,0.006352978882965043,5.214386974391512e-07
1,2.0378512876592915e-06,0.9625034388885914,0.03683965675726118,0.0006548663360771762,1.6678244526461635e-10
0,0.626789021333199,0.3732109784964127,2.1672252832891968e-14,1.7004284956455467e-10,3.2377760525907306e-13
1,0.00019499330675502773,0.9358109514323285,0.06398764588762884,6.391321552271264e-06,1.8051735217245674e-08
1,0.03534892557982313,0.9555282792513156,0.009119085484785199,3.4868606563944417e-06,2.2282341989255712e-07
1,0.0005471176324516795,0.998791008594435,0.0001899847496881522,0.0004718888667899027,1.5663511157019996e-10
4,1.9627374464575114e-45,6.167538930789055e-27,1.2312811407516626e-12,1.9566546495502285e-09,0.9999999980421141
2,1.0385866348336455e-09,0.0011791500596364966,0.892232705081767,0.10658736486982637,7.789501834996575e-07
3,6.98503095639555e-16,1.0963187882941233e-06,0.017145317618588386,0.9712070830057761,0.011646503056846627
2,5.40828945389878e-09,0.00042073080929031273,0.9819393314110122,0.01763642134273996,3.511028668020988e-06
3,6.407214537665216e-12,8.160684279828833e-09,0.11951702147022915,0.7893115957441085,0.09117137461857082
1,0.0021729353707686224,0.9946250966060008,0.0032009015682271367,1.0310991805375482e-06,3.5355822797277966e-08
2,4.968455349123077e-05,0.15634647233026022,0.8421544729942818,0.0014481627802049987,1.2073417616338875e-06
1,3.211174775494387e-05,0.9879471122158682,0.012020772756761954,3.2767090554824084e-09,2.9057798519612393e-12
4,3.0526426205643804e-07,1.1217346920959858e-07,3.0801625789932643e-09,3.0876298241246126e-05,0.9999687031838649
1,0.005807302629388691,0.9939517588397319,0.00021151749459019995,2.8918629811302316e-05,5.024064780837673e-07
3,6.029988566897264e-16,5.596537510771803e-06,0.013502933045143014,0.9378288352200915,0.04866263519725414
3,6.27866629756014e-11,5.230981487554174e-05,0.08599955403722404,0.9139282568296366,1.9879255477244053e-05
4,7.716297269947876e-10,4.655037985332445e-07,1.1607267833781032e-06,2.024141828290476e-07,0.9999981705836055
4,3.389151225541262e-47,1.7945543637028834e-28,2.367733377537362e-13,9.628308266219874e-10,0.9999999990369324
1,0.2582795828846734,0.7415081871935741,1.6818935271517473e-05,0.00019361201461524759,1.79897186545592e-06
2,4.517461916849926e-17,4.63029689036516e-05,0.9995392878882663,0.000414409036110196,1.0671991020897421e-10
4,2.8651366335408054e-05,0.00011763949172675184,3.49592075519918e-05,1.0561210567808303e-05,0.999808188723818
2,3.75382305043739e-09,0.0006172344346006561,0.9897979301154244,0.00958385680065199,9.748954999362777e-07
2,5.755440952815226e-22,4.817771718624186e-07,0.9790783680506872,0.020921149656297804,5.15843292675281e-10
1,0.0005144493217468975,0.939751955784097,0.05973155924824976,2.0290515972659428e-06,6.594309230578165e-09
2,1.671765930224916e-14,0.00268394059605306,0.9973160428693634,1.6534458753279438e-08,1.08010753906888e-13
2,1.0864518299783671e-08,0.010692353828919143,0.8478963411919674,0.14137787314522887,3.342096936630775e-05
2,3.6700566482858255e-07,0.0023120674570263843,0.9904864284641691,0.007196512962100145,4.6241110395263635e-06
1,0.00893959289829142,0.8678237291218796,0.11940428927081231,0.0037896463243281653,4.274238468859287e-05
1,0.001226542392204082,0.9938231023302782,0.004950352019924609,3.2156093760561103e-09,4.198363482756409e-11
1,0.012469317602042654,0.9647315061337842,0.02278603543492304,1.0478382417232403e-05,2.6624468329862726e-06
1,0.00042484254641834697,0.9970600271917556,0.0025150523857773,7.399109609223831e-08,3.88495273925157e-09
2,2.4966939120509463e-07,6.0333378214664055e-05,0.14625230584639426,0.7649339860884392,0.08875312501756065
1,0.0009365566104472786,0.9972425522254817,0.0018208516569961602,2.5608143865612743e-08,1.3898930757886182e-08
2,1.5506514726974694e-08,0.8212488923376319,0.17874983965895824,1.2524890875329387e-06,7.807634835390304e-12
2,0.00296660391220569,0.9350972758616338,0.046432313739143874,0.015277492507704458,0.00022631397931224064
4,2.4358566580883357e-06,0.00012142626795824294,3.0922223843950516e-05,2.1549195929892517e-06,0.9998430607319468
1,0.0014992537755267724,0.961264788149611,0.030522998500728767,0.006477104764284893,0.00023585480984845763
2,4.0141578198770257e-11,0.00023467260332357275,0.998815369008782,0.0009499551336979938,3.214054830064939e-09
4,7.326415522148201e-10,4.3885869503846697e-07,1.072805837591761e-06,1.8963158938032272e-07,0.9999982979712364
1,0.0021307931856006817,0.9946880531699369,0.0031800916189370075,1.0271332254243345e-06,3.489230019937179e-08
3,1.864438400173508e-13,1.066896856426913e-05,0.031175225987842378,0.930346870435845,0.038467234607562066
1,0.4547986178508362,0.545089983311897,9.769040090108532e-06,9.831489421914084e-05,3.3149029575563107e-06
0,0.1724365045389591,0.8275554789827078,7.995410530977838e-06,3.9878938489434765e-11,2.1027923140891993e-08
4,1.3834113314069384e-12,4.5288945547574143e-10,0.002614382326692936,0.17520715777570264,0.8221784594433316
2,1.2870483751705286e-08,0.006308243987358359,0.9780352591358329,0.015656272468748195,2.1153757666487679e-07
1,0.03045430830494365,0.9695216011243153,6.612693458108544e-08,2.9102840050602785e-06,2.111415980132598e-05
4,3.294693259866421e-11,1.6863324180121064e-08,0.0018117545364431489,0.0345592073433505,0.9636290212239353
1,0.011043013525994018,0.9689395338124347,0.02000796413510108,7.54109602409496e-06,1.947430446126776e-06
4,9.265471678574146e-14,8.666137906474763e-09,2.249537080643003e-08,1.1078997689249234e-07,0.9999998580484216
4,6.947306572841386e-07,2.9228859045557016e-07,8.96772497107823e-09,5.370993372855205e-05,0.9999452940792988
4,1.2977211003307e-44,3.528596582788985e-26,2.046839790259537e-12,2.2646116542388194e-09,0.9999999977333416
1,0.00440366998451195,0.995593397038232,1.5177137172796128e-06,1.4152301085770344e-06,3.343009179495288e-11
1,0.0013877242500157255,0.9985899355349585,1.4202019353650746e-05,8.13430694882872e-06,3.88872352058903e-09
3,8.041756236567205e-15,1.3259998612227523e-05,0.016942977059356157,0.8981599009601702,0.08488386198185334
3,1.0367787939029632e-12,4.655455646693889e-06,0.027947961947828934,0.8887528056116918,0.08329457698379583
1,0.00012787702586954046,0.9992626035895557,0.0006095193844838928,9.018669291296889e-14,7.556413919594225e-16
2,2.9102376755950665e-11,0.0003738034979555142,0.9362541529597986,0.06337193978146106,1.0373168235206209e-07
1,5.618314950036077e-05,0.3870785666680194,0.6084193873696639,0.004437634027437445,8.228785378927728e-06
1,0.0035354514099651306,0.9958613194316601,0.0005088640374030285,9.353832970330202e-05,8.267912684235289e-07
2,4.321579993715531e-09,0.00256453686301153,0.7781960245456481,0.2192393985371518,3.5732608520273365e-08
4,6.568822898758279e-05,3.982211014754116e-05,1.2981514327275521e-07,3.3208612339695264e-07,0.9998940277595983
3,1.5236112635317173e-14,9.58997376715688e-11,0.00040530207286298964,0.024478522523211782,0.9751161753080102
4,3.0825249967479296e-07,1.1294402096053855e-07,2.8459375697733107e-09,2.900595402061365e-05,0.9999705700035212
2,7.251542043568195e-11,0.00239994821402011,0.5126911956107227,0.48467941433507056,0.0002294417676712875
2,3.478602843389028e-05,0.1436829632481305,0.8410686465831303,0.015125504279572538,8.809986073272735e-05
1,0.0513975389385863,0.9482724498594367,0.000201623634727549,0.00012566828313687127,2.719284112550433e-06
2,1.8444861068742626e-16,7.451165675156626e-05,0.9996599213470287,0.0002655668973686197,9.885102922188375e-11
1,0.0002572295819787626,0.9856545123828094,0.01408798572835894,2.721506946134068e-07,1.5615822657895713e-10
2,1.2354815792839371e-05,0.016599760302711774,0.9753787622977687,0.008007152326850744,1.9702568760953817e-06
3,1.3954121115414657e-08,0.011534564361771332,0.7200926148129401,0.2648568506556868,0.003515956215480667
4,0.8839196112684977,0.0004874549419747304,7.400182214720854e-10,6.65726867051089e-05,0.11552636036280425
4,7.824610152888637e-24,2.391357873388253e-08,4.975253792657334e-05,0.11674237286115857,0.8832078506873361
2,2.7395745680474835e-11,0.00030644490542655546,0.9692799832075538,0.030413567621565295,4.238058402629018e-09
2,5.203093429176902e-10,0.0013148789574157329,0.9340632530158871,0.06462167055556257,1.9695082523405252e-07
4,4.358248502800342e-22,1.954532693307289e-09,4.08122397587132e-05,0.1078420911141816,0.892117094691527
1,1.1349103882942268e-08,0.9996789634052017,0.00032102524560106575,9.269941878013641e-14,5.977646888486625e-16
2,1.4069859627711745e-05,0.034296143407384246,0.954334475535319,0.011342203565036717,1.3107632632553674e-05
3,1.0704556234161846e-09,2.3593434127775062e-05,0.10558885065385598,0.5771440507602195,0.3172435040813411
2,2.9894430935601756e-06,0.14155522836899448,0.8222601374739548,0.03617779107213972,3.853641817486625e-06
0,0.9999663149329642,3.3681219225767e-05,2.2222287299119485e-20,3.8476881946350015e-09,1.219113945700275e-13
1,0.005029490335473859,0.9939528693754848,0.0008040037368682438,0.00021351621081173089,1.2034136133357575e-07
2,4.081358930808034e-09,0.0006028164514355534,0.9899403011614406,0.009455880252360898,9.980534042099574e-07
3,9.797121072264277e-09,0.0006581563552490448,0.06067682862446341,0.9133940862080718,0.025270919015094588
1,0.0014879056613575433,0.9942505122944728,0.004260455294673531,1.1169158500279753e-06,9.833646095626243e-09
4,1.64492161938356e-45,5.5910014523996176e-27,1.1730277813408314e-12,1.959192196630113e-09,0.9999999980396348
2,2.2934985107970184e-05,0.15700210486404204,0.8415653205121789,0.001409468725312941,1.709133581698307e-07
3,2.4140650942677713e-13,1.4374406724448546e-05,0.12246799303577374,0.8767002014879132,0.0008174310693472715
2,0.0002998147756251649,0.804584793119532,0.1951084574279267,5.559022177225196e-06,1.3756547387241936e-06
4,2.0547710032171142e-20,3.927994053486987e-09,1.8907698465252497e-10,7.36218606760257e-08,0.9999999222610683
2,6.259397787319654e-05,0.12253175663485202,0.8695150109271731,0.00772580880342113,0.0001648296566805451
1,4.934184519308232e-06,0.9999356786501659,9.741356445500566e-08,5.928965062350931e-05,1.0112676786856934e-10
3,3.7612347340837077e-10,2.6819929499832114e-07,0.07966472225739935,0.7099328369500885,0.21040217221709379
4,5.294203659637639e-13,2.1051217259709106e-07,0.011261410503404236,0.8128827565642032,0.17585562241969063
4,3.2366886883439676e-15,5.961332091243505e-06,0.019165127046738617,0.9808288509437043,6.067746260345837e-08
4,3.5088639266040064e-47,1.7786509337521328e-28,2.4036385841576645e-13,9.535476375041789e-10,0.9999999990462121
4,6.538298649108368e-27,9.80113174110711e-21,9.018514387117749e-10,6.45046619396711e-06,0.9999935486319546
1,1.3029378684377884e-07,4.446072216340831e-06,0.09811412499304595,0.5297678622765035,0.3721134363644474
3,2.317153397844527e-13,9.442460149250352e-06,0.02746583091566648,0.8651526678345407,0.10737205878941175
1,7.77187731632114e-05,0.9972295482147029,0.0026927322608587875,7.473785968974574e-10,3.896389330953949e-12
2,1.1771803563593505e-10,0.00045989636278272243,0.9988112696212552,0.0007288311615066222,2.7367374529532302e-09
2,2.9402473585437015e-08,0.016644815760587024,0.9297926882513524,0.05356208736142795,3.7922415913408566e-07
3,3.106275681478188e-19,3.479971680272988e-10,0.00042088888494859727,0.999539625019306,3.9485747748219556e-05
1,3.767814553947404e-05,0.9895489997721889,0.010344038181803837,6.928206547860762e-05,1.834989019239162e-09
2,8.604174031410001e-07,0.029601057878406542,0.9632594216463477,0.007136525202821282,2.1348550214584632e-06
1,2.2944185211604892e-05,0.3935792769592515,0.6040082907933711,0.002384951935105138,4.536127060576937e-06
4,2.3570162754197182e-45,7.348342223882258e-27,1.3243733562183434e-12,2.120457085382044e-09,0.9999999978782186
4,3.099417993273743e-07,1.126657480306797e-07,2.724192279746116e-09,2.9066206674362932e-05,0.999970508461586
3,9.141961717685919e-06,0.9372630749354697,0.06272773860842687,4.44925669297248e-08,1.818862417871632e-12
3,3.436619396311967e-09,9.368407944045283e-05,0.0937949674415211,0.9060053138917128,0.00010603115070609316
1,0.009460724444433584,0.9873855144084642,0.0031535747599283582,1.832265843080875e-07,3.1605896433430945e-09
3,5.246795768425976e-10,0.0004011444350438931,0.24283555701446977,0.7526316284903923,0.004131669535414401
4,2.7807786047819127e-11,5.87579134796734e-07,0.006952298795720084,0.3635138147871731,0.6295332988101643
2,7.126978765471449e-13,0.006968837786504173,0.9917949762540526,0.0012361858030339485,1.556965519136894e-10
2,4.939636231629403e-07,0.06898572418327265,0.9296877485925333,0.0013260017689109471,3.1491659958739813e-08
3,3.1596256344124505e-12,3.962975360195833e-07,0.04644967688569694,0.9440793607874974,0.009470566026110043
3,2.2926691931711573e-10,4.270084873161319e-06,0.0807062242201105,0.9097275033467952,0.009562002118954346
4,4.249055720338e-21,2.2542256904441493e-09,2.1842817095102054e-10,9.102003965806283e-08,0.9999999065073065
3,1.2477724460710088e-06,0.0001343883627681462,0.19572239275147393,0.6507323278831428,0.15340964323016895
2,0.0001314153500194637,0.13340418194671222,0.8432044368686528,0.02322278896093418,3.7176873681320166e-05
2,4.1539295603522844e-05,0.6052660606262181,0.3946615543028696,3.084566605689559e-05,1.0925184681953682e-10
3,1.0340409878996673e-14,4.072566005515878e-05,0.009338097236957185,0.8925201764114303,0.09810100069154681
3,6.001186587416215e-14,1.378686400059141e-05,0.023473550435674714,0.9255168453627806,0.05099581733748407
1,3.678268257300423e-08,0.9999979381027212,2.025080597643383e-06,3.399857348771757e-11,5.3602746030243206e-17
1,6.014542816461725e-05,0.9987999441431746,0.0010320563616668464,0.00010785230127679166,1.7657171637603965e-09
1,0.44530155426899404,0.5545907541713972,9.66514435306586e-06,9.48008678225362e-05,3.2255474330763353e-06
0,0.9492187502872134,0.050781249639379404,3.804875744202655e-14,6.199667987941457e-11,1.1372534980259803e-11
1,0.002224388236565218,0.9975889991563082,9.487672748967174e-05,9.173271469133862e-05,3.1649454219741552e-09
1,9.398073971887785e-08,0.3040658214621419,0.6959290962244244,4.988332464239883e-06,2.297840477308609e-13
2,1.365716919094815e-07,0.00842056610360094,0.9747382069744437,0.01684009402768899,9.963225744999204e-07
4,5.95364538393293e-15,4.0168233100105436e-07,0.018243955408643202,0.38551487336329887,0.596240769545721
1,1.1004253207380887e-06,0.0035989456327862033,0.9689956575342993,0.027123862411199306,0.00028043399639441225
2,1.6255758618689517e-11,0.00020288132688398654,0.9195760892410593,0.08022099385736955,3.555843132603258e-08
2,8.90255972123968e-09,0.010517436351732629,0.9565790257931602,0.03190036831283963,0.0010031606397078513
2,3.8012891376947975e-09,0.0006094498922801692,0.9898314809239679,0.009558083082148679,9.82300314018246e-07
3,2.7296210915201016e-11,3.82542071096173e-06,0.07463455571822605,0.8908897169220539,0.03447190191171275
2,2.450015011313976e-08,0.029691704590683595,0.9697115932232003,0.0005966724800381294,5.205928006720839e-09
1,2.3734240962119232e-05,0.9993177958886277,0.00014927585380882508,0.0005091906542987569,3.3623023699039584e-09
1,0.07379978277699314,0.9168518928386612,0.0054815680023030475,0.003835520874194139,3.123550784847149e-05
3,1.909116661781426e-11,7.293667814422897e-08,0.585474231720296,0.40208271326650685,0.012442982057427839
4,8.315218668547947e-10,5.094654070825444e-07,1.3364034565177826e-06,2.3724010362609277e-07,0.999997916059511
4,6.860934336965422e-12,2.065903832488918e-09,0.00035029075090168074,0.03908190096716088,0.9605678062091726
1,0.0003896845776580936,0.9802516801275335,0.019139159478750275,0.00021924163912657896,2.3417693177315138e-07
2,8.877606904986218e-12,1.5931891374725565e-09,0.0008712952582936131,0.03244552330838112,0.9666831798312584
2,2.1429252758062372e-16,0.00010763774959888574,0.992403789542679,0.007488572569070581,1.3865113320460083e-10
2,1.1630619711078882e-07,0.044913957655263737,0.9212089184121612,0.03387436575941226,2.641866965648601e-06
2,2.9892045456473416e-07,0.012454075032400539,0.9783240066544803,0.009208976076165838,1.2643316498516257e-05
2,7.958233882253973e-08,0.0040572987673886665,0.9745519540006706,0.02138868889406027,1.978755541652686e-06
4,3.2928995156770915e-19,1.8114789570778932e-07,1.187015923378222e-05,0.04130482751382642,0.9586831211790441
2,4.54867704206475e-12,0.0009839883790895023,0.3768723516210318,0.6217939988119147,0.00034966118341541125
2,5.899049237429532e-20,5.775349555582299e-07,0.9977340031083225,0.0022654192206267992,1.3609505348842193e-10
3,1.0687883938085604e-14,3.4470259627771728e-06,0.018948554553159358,0.8805476597756383,0.10050033864522881
1,8.564398314522239e-06,0.9999795800428046,1.0170762293030701e-05,1.6847825447749982e-06,1.4043046951911059e-11
4,1.9101127355032426e-19,4.986948143489889e-09,7.974431329702399e-11,5.5528517591726075e-08,0.9999999394047899
2,6.008958480927683e-08,0.041990245102333894,0.9519812525718828,0.006028295421181148,1.4681501739817967e-07
4,6.795515831464025e-14,8.224356262791023e-09,2.336748595975911e-08,1.8105634832146848e-07,0.9999997873517416
0,0.09848346866743893,0.9014676837067724,7.51427090666926e-06,8.813442122199432e-06,3.251991275967158e-05
1,0.0047674734046340185,0.975526432909228,0.019705802035075288,2.863923622600562e-07,5.258700390500499e-09
3,1.4216669226610617e-07,0.016870803589431355,0.4376267286231204,0.5454383570578472,6.396856290881549e-05
2,1.022216434523977e-08,0.0020635639671911263,0.9764173373008285,0.021518719913655233,3.6859616076263945e-07
3,4.313506057650504e-09,0.0013911699693709909,0.10810086877932594,0.8694838917961181,0.02102406514167905
3,1.6942220588813164e-09,3.3552706472155246e-07,0.06974580311669366,0.7612943432776569,0.16895951638436255
4,3.115519979545802e-19,3.173547211926828e-08,6.125051966461441e-07,0.0026179072513586167,0.9973814485079726
2,0.00046392590243907785,0.7388054524355004,0.2580507003611011,0.002675765978656358,4.1553223030765e-06
3,6.2761184130648396e-12,8.077458430885825e-09,0.11979348159156945,0.7901881850397628,0.0900183252849332
3,1.099036849714011e-06,0.0010022730585846325,0.4430000799638915,0.5032203662675414,0.052776181673132805
2,5.891043286562182e-06,0.1356413516455338,0.8446416308036363,0.01969657131067305,1.4555196870273654e-05
2,1.8681669675831639e-06,0.5273457721451329,0.38330371119661305,0.07991946627850845,0.009429182212778043
3,4.2330289372343565e-15,5.616372402919609e-08,0.006471064795114396,0.5594175007098191,0.4341113783313382
2,6.579090306221199e-10,0.14041651845467307,0.8367995144757246,0.02278392121037622,4.520131696288461e-08
4,8.358650194625831e-10,5.102962920190956e-07,1.317297268483563e-06,2.265339565700989e-07,0.9999979450366179
4,4.2853497476019316e-16,3.830453930379932e-07,3.4308266114383656e-07,4.704405647965174e-06,0.9999945694662975
2,4.113885620865405e-07,0.059105119082202305,0.939635512111964,0.0012589258185807452,3.159869077440844e-08
1,0.0015642847033925978,0.9941911615195823,0.00424354636516715,9.983104958418005e-07,9.101362187769779e-09
1,0.008864752039199446,0.9882137541285702,0.0029026578579265504,1.8097667868410332e-06,1.7026207517032884e-05
1,1.8952830069661464e-06,0.9999976346538748,4.699429791540272e-07,1.201362070707381e-10,2.728180042767719e-15
3,1.661659367023866e-07,0.0044026000150007415,0.35723782502100926,0.6379463840306069,0.0004130247674464546
1,4.6625190136577386e-09,0.009607189297814102,0.9870527365533679,0.003340049025685643,2.0460613358101515e-08
4,7.912046126644218e-05,4.898037235844145e-05,1.6960134184363762e-07,3.9285179255712757e-07,0.9998713367132408
2,0.00011264460505846886,0.3395612953217101,0.6425772263149665,0.01769815797147649,5.067578678844715e-05
0,0.9999402355904615,5.972179540681546e-05,4.1639655911919654e-17,4.246203341787564e-08,1.5209832948118007e-10
1,1.782287559549391e-08,0.0019599467636037537,0.5379835832524258,0.4574836576732753,0.0025727944878195406
1,0.09899819049337387,0.9008715598830953,3.4404900355148385e-05,9.537479992650048e-05,4.6992324942374353e-07
2,3.576882733242612e-10,0.010250975888207456,0.9875268930593158,0.0022156946013105116,6.436093478052516e-06
2,7.49897967138016e-06,0.017196095610066756,0.9364112510802597,0.04609244026972413,0.00029271406027813146
2,0.00020812900535410083,0.9746503482742258,0.023595868941100957,0.0015455636654929778,9.01138262089529e-08
1,6.262897167986516e-05,0.9994231271820008,0.0001476217078567042,0.00036661802500232885,4.113460391782663e-09
2,5.929669274676101e-11,0.0041316279034581465,0.5429954982724642,0.34144504037888523,0.1114278333858958
1,0.0042098065738803096,0.975845621057585,0.019944301295028825,2.6646801910068404e-07,4.605486881944311e-09
