target,prediction_0,prediction_1,prediction_2,prediction_3,prediction_4
4,3.3860564803514775e-37,4.10957708710701e-33,1.191885063953914e-19,5.346017704460846e-09,0.9999999946539824
1,0.00014096488540120208,0.9998554740258767,3.561088722129899e-06,2.003432108998981e-18,7.351843095329434e-20
2,1.2926084040897749e-17,6.114421514329413e-15,1.3171658286074419e-05,0.006397826187004469,0.9935890021547034
2,3.1581453529238445e-09,5.244434045214252e-05,0.9749597047423245,0.024978132888445248,9.714870632708169e-06
1,0.06593159347259474,0.9313209853159995,0.002747421201455011,9.947853353641622e-12,2.9173689441041535e-15
1,8.775859638766127e-06,0.9999911892144585,1.0085060619127256e-08,2.4806062150968178e-08,3.4780146710235655e-11
4,5.917551004407366e-19,6.121716057778197e-16,6.981873347609204e-13,3.203945941436452e-08,0.9999999679598418
4,7.968971322770471e-11,1.8862215535124167e-09,0.008298388761872288,0.005483306688064948,0.9862183025841516
3,4.25333772541541e-22,2.4628519689182946e-09,0.002823532326767571,0.9971731708955556,3.294314824988436e-06
1,0.00016056615559931022,0.9975901962871787,0.0022464998075011743,2.737576507024593e-06,1.7321390586727684e-10
3,1.56501105696006e-22,1.935558988435847e-16,0.0032717583381981006,0.9963146743320292,0.00041356732977238366
3,5.810179581774629e-14,0.017364359622676122,0.3540468340826687,0.6250260598097717,0.003562746484825326
4,6.923112564459324e-39,1.0369440932534995e-50,2.732191945046882e-23,4.354024240099054e-29,1.0
3,1.3871220880187784e-21,5.793120285751298e-15,0.007925796309642316,0.9920659701478789,8.23354247292327e-06
2,1.5758163097634617e-15,2.9375702048254744e-11,0.42700837385748197,2.4409718203165827e-05,0.5729672163949375
2,8.834921457651457e-31,2.189998162489414e-10,0.009540448481814129,0.9904595512944886,4.6973661661449e-12
4,5.145760829523954e-19,5.761565986061899e-16,6.717429799907909e-13,2.874403853735886e-08,0.999999971255289
4,1.674089051388202e-28,1.8951267529148744e-21,0.00025789825993957237,3.940165021864236e-05,0.9997027000898419
2,1.665605334728457e-32,1.279688395336349e-11,2.038853815802267e-05,0.02053080994818018,0.9794488015008649
1,5.959245146806894e-05,0.9976977742879592,0.0022426332011502284,5.576817516579409e-11,3.65433392718247e-12
4,1.3503762979105195e-28,8.971960676691684e-13,1.2433924421173458e-08,0.0001867932337609206,0.9998131943314175
1,0.1181351652661926,0.8816878409186966,0.00017699381511089384,3.576846639873007e-17,5.1700619838758436e-20
0,0.879453880471599,0.12054611952839676,1.5162333034345753e-15,1.0118632886881671e-16,2.4927143307244013e-15
2,1.261557862803623e-06,0.014354981002706189,0.8878829317906971,0.09761704466206164,0.00014378098667240148
2,3.1171241562902524e-05,0.1408862814643875,0.8582025970512416,0.0008791041606988061,8.460821091361422e-07
1,0.021083650932696048,0.978916280513764,6.855353970761774e-08,2.174924996869757e-18,1.633485757362612e-16
4,1.5022182539555613e-22,7.783917672863994e-10,0.001125726156473379,0.005341850523205415,0.9935324225419295
2,3.04076776581409e-07,0.9999996949076577,1.0155655771481617e-09,6.129312131540757e-29,2.2297139383874733e-29
1,3.1024585327920955e-13,0.32558291225155445,0.6744169027788802,1.8496925514196483e-07,9.58343881880073e-18
4,1.1998615683941507e-18,1.3251587323741113e-14,3.991444385285391e-06,0.03760887806745857,0.9623871304881428
0,0.030149691571418558,0.9697893488313739,6.0944496606967345e-05,1.5100520992617526e-08,7.956773373605922e-14
1,1.1782814217416695e-06,0.9999855589990122,1.3262719565533827e-05,7.018177921647465e-16,9.998877378464246e-18
1,8.06903730745253e-05,0.9969493503563691,0.0029656947415227313,4.2643910748167115e-06,1.3795898649451484e-10
3,1.8181307201096614e-21,1.4633785995354723e-09,0.003875147169610859,0.9961165070573772,8.344309633363276e-06
2,2.7344273027800724e-08,7.420371725729874e-05,0.9996820728045581,0.0002436614666137023,3.4667297901911776e-08
2,9.083285392662044e-06,0.1450098407377039,0.8545519728137978,0.00042896312841067915,1.4003469494651432e-07
2,2.0861187169611622e-08,0.00012830396025096346,0.581441485912967,0.41840441175443915,2.577751115582907e-05
1,8.098675084154084e-13,0.45394025859116593,0.4608536857588941,0.0852060554980812,1.5104889586340432e-10
3,6.444304669886279e-21,1.6693004116664492e-08,0.002588151039202192,0.9972686423618973,0.00014318990589661442
3,1.317748232116753e-13,4.667428941948155e-10,0.11468344018768864,0.7846808647602159,0.10063569458522079
1,1.4235934665074746e-06,0.9999897473071191,8.82909941416478e-06,1.6630457481405582e-16,1.51047179882531e-18
1,2.7075895233242003e-05,0.9943131855181561,0.005659738516529885,7.004072811502313e-11,4.025730444113071e-14
4,7.437215364134931e-17,3.068372637907066e-06,0.1359046713684171,0.7506365655192414,0.11345569473970349
1,2.2168050446171127e-07,0.9999284655079289,7.131281156660912e-05,1.4489318909940646e-18,1.1842725491038525e-20
4,7.214985807098022e-24,2.6852573745422628e-18,6.420826223639301e-07,0.6819979601851819,0.3180013977321958
4,6.09182895299571e-19,3.5725203461889466e-14,4.2735957726763836e-07,1.439647603900669e-05,0.9999851761643479
1,0.048854494784517685,0.9500655201994104,0.0010717043904897305,8.268514845399186e-06,1.2110736967080846e-08
2,1.2890382804803133e-10,0.0002160122827135529,0.9985870568809618,0.0011969302957026593,4.117181044957139e-10
2,9.372505719821507e-15,2.3400066393135594e-05,0.2148182270259158,0.7851404626426692,1.791026501238069e-05
3,2.5881897267739842e-08,0.0025275556988147096,0.06017808678129952,0.932885563297307,0.004408768340681533
4,2.319944621350701e-69,1.922004243676192e-43,5.91587684453874e-25,1.4275603756671038e-19,1.0
3,2.6226742541658637e-18,7.673248541708148e-12,0.0008685475390265342,0.8216026072746939,0.1775288451786064
1,5.607474862080994e-06,0.9853905261868999,0.014603866336162584,2.0754860844283462e-12,1.6008446913389805e-17
4,2.5741836897799624e-23,2.0697176044197955e-16,0.10466198448638746,0.03752633670382196,0.8578116788097905
2,4.221957659397815e-13,0.0024411980259349732,0.9963823894573799,0.0011763906067261338,2.1909536752718393e-08
4,1.226246869529434e-62,3.4917633853882915e-40,1.1127665721916254e-18,1.4062227837379265e-14,0.999999999999986
4,2.429633052556016e-36,1.1466480097722945e-14,3.9753019458672745e-11,3.4246743082025213e-06,0.9999965752859273
0,0.03924203045406136,0.9607579671044093,2.441453947183382e-09,5.763738052173971e-15,6.959604575336307e-14
1,3.519066928325211e-05,0.9987437023617924,0.0012211069689244153,1.0701457518191034e-16,5.987030598758116e-21
0,0.08330330677902001,0.9166607830201114,3.579150302828993e-05,1.1868161246330952e-07,1.6227704353824653e-11
1,0.0002769818718001583,0.9233697690903222,0.0760611202189046,0.0002921241328830495,4.686090003306653e-09
1,1.5967319452915954e-06,0.999990242432392,8.160835662343097e-06,1.4480855136597372e-16,1.3744492715432607e-18
3,6.8319368006553684e-12,2.5993618993418277e-07,0.09747661474631393,0.8667980828709889,0.03572504243967526
1,0.00095594010212246,0.9989538398150577,9.016134380331505e-05,5.8738757934038464e-08,2.586544648522836e-13
2,1.933755485106905e-18,0.0004636203710034325,0.999390053693007,0.00014632593270444628,3.285106460784987e-12
0,0.002283462724479658,0.9977165370271375,2.483829144511217e-10,1.807479229702183e-27,2.973880934315328e-25
1,9.299397128919729e-05,0.9999053057905991,1.700236008443754e-06,2.1024281231962867e-12,8.583710757639979e-16
4,5.9628634248276855e-22,6.6647508519358285e-16,6.77242894331973e-05,0.236934863099892,0.7629974126106742
3,2.935294922622592e-28,2.5313170818811143e-09,1.915746641693689e-07,0.9290096505749855,0.07099015531903316
1,1.0841778624705748e-06,0.9999970169003569,2.727081296355977e-07,1.6262133506538558e-06,3.0019274763008e-13
0,0.999881817660163,0.00011818233983701741,1.630233610372414e-20,1.368268734080958e-21,5.258785440185456e-26
4,2.5826760623706157e-17,4.2536105900485525e-16,3.782342140185294e-14,8.990492239555525e-08,0.9999999100950393
1,0.004037355729016464,0.9907404176990808,0.005222226541813379,2.0236658871489737e-11,9.852564943752359e-12
3,1.6354472784040876e-12,2.778319637557593e-08,0.25188035033166656,0.7479761570684218,0.0001434648150798328
3,7.805038248111285e-22,6.903259730204626e-05,0.9997298326837605,0.00020113471892108163,1.6489087928744152e-14
3,5.183334807302158e-10,1.0078634471839226e-05,0.015558536414369599,0.9843817304453341,4.9653987491101626e-05
2,7.485593175970241e-08,0.942890255953093,0.05710966715054126,2.0404266628198564e-09,7.287109573085992e-15
3,1.5556251232580127e-22,1.588399515457396e-11,0.41326510479267387,0.5866717815027058,6.311368873615268e-05
0,0.9999477677291366,5.2231865276880225e-05,4.0558665502356755e-10,1.481757977393021e-22,9.176030777768979e-23
2,1.3364894188463778e-09,0.00044461551433000283,0.9965772376893712,0.0029781226059465834,2.2853862870987667e-08
4,3.5401829514253217e-25,2.3434617611527212e-20,5.0895052860745566e-05,0.08483656424100126,0.9151125407061381
3,1.0040525829162418e-19,2.727339024299574e-13,0.0007717063045347273,0.5812679066998612,0.41796038699533133
4,1.0738135495605359e-19,2.7697450271320415e-17,1.566588145879624e-05,0.005067057706154051,0.994917276412387
3,5.480207159409794e-12,1.200436663052715e-08,0.4807834952492873,0.49456488790527653,0.024651604835589307
3,3.710272419053519e-18,0.9999999863387974,1.1007210939705951e-08,2.651190945659226e-09,2.800643330970874e-12
4,9.029366310357565e-20,2.6348084702232928e-05,0.18433493668692602,0.8152278546512135,0.00041086057715832757
0,0.6413741861143439,0.3586226562805698,3.1576050863234985e-06,2.7590492798848087e-24,8.8723239956002e-18
2,3.6026290056725857e-13,0.005174711530044781,0.9794902490360583,0.015335011902914586,2.753062219326205e-08
1,4.676846286764767e-13,0.11342611799880711,0.8864451264777784,0.00012875552282814152,1.185864944871871e-13
2,2.921464224181229e-09,0.13385138062225335,0.8654071689912102,0.0007407305727119837,7.168923603209607e-07
1,1.306993077877056e-05,0.9999868929838045,3.869721406677265e-09,3.3175539362798976e-08,4.015595813624007e-11
4,5.666157837994878e-37,5.161400518602983e-33,1.0591187341898452e-19,4.957900948322868e-09,0.999999995042099
2,2.879137922287679e-15,1.7305261121782192e-06,0.9999982650446924,4.429133584239426e-09,5.90687911273202e-14
4,2.5517108012618946e-21,5.289081311482925e-16,0.00013991669734268188,0.0008210986534500827,0.9990389846492066
1,7.198443070866728e-07,0.9975618176503916,0.002437462075444596,4.298544464296949e-10,2.2991995621572617e-15
2,6.499981425802256e-15,1.1190743445198314e-05,0.9998162977983374,0.0001725030128239911,8.445387054887071e-09
2,4.0660430672364573e-22,1.7190991799594849e-07,0.0004550243162311854,0.03524190357526885,0.9643029001985819
2,9.643157963576226e-09,0.09374156515739715,0.9044357133057669,0.0018226955210856356,1.637259227969266e-08
0,0.9984421056836477,0.001557894316309355,1.5531943730238016e-15,4.1447772286003206e-14,1.730970311910445e-17
2,3.499753680458312e-11,1.998217985184301e-06,0.8473951149539278,0.15249992306520224,0.00010296372788732253
2,2.2980835879836534e-07,0.13485107822520895,0.8651271526441295,2.153926617231763e-05,5.6130365212584055e-11
2,1.964373580441202e-07,0.024757126222677273,0.9746392261763205,0.00059823526525646,5.215898387822992e-06
1,0.00812615965565822,0.9913357990644491,0.0005363871449520469,1.6526800880180793e-06,1.4548528347064298e-09
1,3.189323845082257e-05,0.9166410510355536,0.08331668595556935,1.0369303814623175e-05,4.666115893492244e-10
1,1.0474800955674975e-05,0.9866047712633554,0.013384753770088012,1.6532915405795548e-10,2.716487177914637e-13
3,3.7721351524153986e-17,3.5891368253577334e-12,0.32179499929091604,0.6774471647284003,0.0007578359770945921
1,0.011947642005252493,0.9872078900559719,0.0008393842081010717,5.081008763697233e-06,2.7219106798731096e-09
4,6.11493157560879e-42,1.2759632626170655e-38,5.585849464967657e-23,1.7463953601914212e-10,0.9999999998253604
2,3.2846149203882736e-08,0.21464695781343293,0.7853515310525601,1.478205544941161e-06,8.231283056754708e-11
3,6.596157732872281e-13,1.0510249749065975e-09,0.0018386083180942066,0.9873058754933555,0.010855515136865704
2,1.1165016124767036e-08,0.029669185173723647,0.9653137381024557,0.005016499532579372,5.660262249900446e-07
3,6.085564382357686e-28,1.8983753044055512e-07,0.04853625527574575,0.9510706986454155,0.00039285624130836524
2,1.9672572486899735e-07,0.07575259111380453,0.9241683828693155,7.882810649789705e-05,1.1846572281723163e-09
4,6.266934385737657e-36,8.206894760955954e-17,2.196873184827793e-11,1.1250685165535252e-05,0.9999887492928656
4,1.4073120549824774e-21,1.605653494935913e-18,1.8417305458461357e-07,0.0009480423527034614,0.9990517734742419
1,1.169396175789693e-06,0.9999854034173759,1.3427186447817709e-05,7.099671253872249e-16,1.0007640254395745e-17
4,9.137548541164698e-63,3.1245420840927505e-40,1.2334497628217897e-18,1.3224135192618516e-14,0.9999999999999867
1,0.0021465455782951814,0.9973654247696623,0.0004880100160561201,6.818587680735299e-09,1.2817398639774766e-08
2,5.469813196491516e-10,6.418708006499242e-05,0.9294816627518967,0.07045247801314858,1.671607908164916e-06
3,1.1296304600242428e-13,1.4599262776797703e-07,0.25649414496853135,0.7355252722447957,0.007980436793932282
1,7.733913473187416e-05,0.9924184710894136,0.007504189749900391,2.5953682548443885e-11,3.88478321663444e-16
1,4.657842437475121e-05,0.9995275615059375,0.0004258600692700355,4.170242691196174e-13,5.636034899813514e-16
4,2.783402833217223e-37,3.799392980273418e-33,1.268676524680706e-19,5.552899031230354e-09,0.999999994447101
4,6.758789687295088e-23,5.524966530485783e-18,0.00028464218476953896,0.4073640414217153,0.5923513163935151
4,2.812812345986335e-31,1.8470948592990173e-25,3.641710509913429e-09,0.0008821231574019204,0.9991178732008876
1,0.00013484871969160006,0.9993281633533739,0.0005369879269206187,1.3504738862646973e-14,2.613170048554505e-16
3,1.1988655090899606e-17,1.8186741995960903e-10,0.20254624889026904,0.475499254211192,0.32195449671667153
2,2.28860827683778e-13,0.005515904687237846,0.9885548014937688,0.005929292869813697,9.489506836072123e-10
1,6.813043456788276e-06,0.9999912916363354,1.8953202078202962e-06,6.567999944759686e-18,1.0251010129622178e-19
1,7.041742006821697e-08,0.9998254045728029,0.00017431318689056048,2.1182287735579437e-07,9.203844466556925e-15
1,3.798307814597318e-14,0.99999990403794,9.594540365389518e-08,1.661828875148367e-11,4.574326540640523e-24
2,3.4719151846733536e-19,1.965345379033816e-05,0.9659005084721863,0.03407981868943064,1.9384592653230588e-08
2,3.3875486218617502e-22,8.464051125424718e-05,0.9998968407931981,1.8518695541452116e-05,6.13873757806693e-15
2,6.311092847165454e-07,0.18153121284890894,0.8184517648409753,1.6390845389753912e-05,3.5544125589966926e-10
1,0.0005926861234012141,0.994326335662474,0.0050615813923489015,1.9392573709625146e-05,4.24806611600279e-09
4,1.8676670565626486e-15,6.250817400866506e-12,1.5601318740937693e-10,1.7962758248641928e-06,0.9999982035619093
2,7.438530724266001e-17,9.727560378787092e-05,0.9811172090003587,0.01878549388983515,2.1506018303423186e-08
4,1.6459177398323982e-65,1.0000677301837794e-40,3.5337889013796175e-22,1.7515961673075704e-15,0.9999999999999982
1,5.916616001625547e-05,0.9999336741146894,7.159725294349895e-06,7.9400585010838e-31,1.594475319085299e-36
2,7.87777662512442e-12,7.368142376204495e-06,0.9533921100951371,0.04660032094339653,2.00811212286069e-07
1,0.0037122294331736203,0.9611775938291948,0.03511017632413356,3.276593759354061e-10,8.583831264135297e-11
3,2.8133656957431228e-24,9.404219544479375e-18,0.0034025472956628828,0.996299370357019,0.0002980823473180593
3,1.1340883004187293e-33,1.1091673067376047e-25,6.560384946164232e-07,0.999999328381881,1.5579624396210428e-08
4,2.585428859157088e-29,1.7919891282471452e-23,5.346457452783568e-11,6.17642261311053e-05,0.9999382357204043
4,1.0084045544482003e-27,7.791217848445349e-21,0.006646399305277104,8.580070005582009e-06,0.9933450206247174
2,9.802586278329658e-15,0.012425912143926358,0.9875739135591136,1.742963371978518e-07,6.130368846640552e-13
0,0.0016904615981609464,0.998230621307577,7.871767192070659e-05,1.994201927239214e-07,2.14869421186978e-12
0,0.9990762610369535,0.0009237389630256899,3.761873546391475e-16,2.046733233166877e-14,1.078917544290364e-17
1,0.0005101876665796302,0.9722670196277846,0.02722279253210963,1.7304460829245273e-10,4.816389318360812e-13
0,0.999991261692716,8.738173198338302e-06,1.3408566111547392e-10,1.0704428773803991e-23,8.764594192716834e-24
2,9.593586066405465e-17,0.000176196447980257,0.9988431575789676,0.000980645831219811,1.4183245803857968e-10
1,0.000239451965212328,0.9997594208620114,1.1271727761038074e-06,2.0491387741225646e-19,1.59221165453594e-20
0,2.9564879051677065e-05,0.9999700572036028,3.7791734541205457e-07,2.027323993381635e-21,4.176533783155898e-22
2,4.389052128143936e-05,0.42386579000439595,0.5760854965691017,4.822705659176493e-06,1.9956166640011297e-10
4,1.2814497330411859e-36,6.244066764397008e-45,3.305852592537268e-23,2.2575351432846174e-26,1.0
4,6.480392022913665e-36,2.9741901349819346e-15,5.251571135311997e-07,0.006919725695612031,0.9930797491472716
2,3.993618823571499e-12,0.001307101333949997,0.9962845239593483,0.002408214911781474,1.5979092654416123e-07
1,0.0009457315636898002,0.9986092098657449,0.00043666075843740095,8.397644777095676e-06,1.6735091452475203e-10
2,9.060128560984953e-05,0.1476245466556791,0.852267146837853,1.7699249701140693e-05,5.971156979475652e-09
2,1.4604164243065727e-24,1.1662335654393357e-06,0.1441551227908574,0.8558419669081865,1.7440673905176388e-06
2,1.2398703059933267e-13,3.48675838721782e-05,0.9997415625378239,0.00022354406846862975,2.580971132577527e-08
2,5.391311923727315e-13,5.092801028396892e-05,0.9995988413828214,0.0003501531115000742,7.749485527705195e-08
2,4.803435215855953e-10,0.006515528463869502,0.9934819703707288,2.500571370648048e-06,1.1368755614636477e-10
2,1.351731964321013e-09,0.005017550900212124,0.9123981212166138,0.0825526679205766,3.165861086551715e-05
1,4.273884720967732e-09,0.0011590211335767123,0.9937179940894117,0.00506916324077634,5.381726235044102e-05
4,6.525199595740407e-36,6.261577080853755e-47,1.972216236537711e-16,1.0942391245308574e-25,0.9999999999999998
4,9.726900882345304e-23,5.931776841214682e-10,0.001497120601686306,0.006294200416569131,0.9922086783885669
1,5.519012070944478e-07,0.9999386981293713,6.074373057814957e-05,6.222158736653217e-09,1.6684691835318626e-11
1,8.26972279537995e-11,0.0019425508579614676,0.9980524117542622,5.0371041050411645e-06,2.0097416297368817e-10
1,1.2482653693833533e-05,0.9999838158765658,3.701469740334829e-06,2.3301008936785254e-17,1.3855259548330508e-18
4,2.3254768222398798e-39,8.769703503165097e-38,6.606827637227707e-23,1.2932635543403849e-11,0.9999999999870675
3,1.4525234902439556e-31,2.6835096278956525e-21,0.0011981007273024903,0.857292218193214,0.14150968107948353
4,9.066323146135756e-34,2.1758717830834743e-30,0.006907017470961496,1.8943325068696788e-10,0.9930929823396052
2,1.9845053658598866e-18,9.296296000522945e-05,0.9950398529125289,0.004867183423305719,7.041599338085571e-10
2,2.792997005843142e-07,0.0001577074813638807,0.9997865152140173,5.544188320864462e-05,5.61217095534787e-08
1,4.041930891497662e-05,0.9999501770053907,9.40368444519281e-06,1.2487818620538832e-12,5.07530053296633e-16
1,1.5057110357498138e-07,0.9999989145101454,1.0030034576926297e-07,8.346183859928014e-07,1.9286371200917975e-14
3,1.0952665548785225e-12,5.30756156552198e-10,7.844280310858696e-05,0.9510755683939961,0.048845988271043965
3,1.1480198303309828e-21,8.461735354047392e-07,9.089095856692759e-06,0.8961104079234378,0.10387965680717001
1,2.201191084114784e-06,0.9971864175292415,0.002811381279404146,2.699919362901338e-13,3.231850933902781e-16
2,1.6912459665390128e-09,0.0013142854144407707,0.9982077858287476,0.0004774236788942823,5.033866712076922e-07
1,4.329115728105475e-11,0.9999999998958065,5.989230625830134e-11,1.0101400817284327e-12,1.7955325794889065e-25
0,0.7245464626649593,0.2754535373350092,4.627604438013001e-18,3.1601501724100745e-14,5.090417610668176e-21
1,3.1819817310020825e-07,0.9998465740984427,0.00015310770338411583,5.5330279452405894e-17,1.6302791630507895e-19
1,0.0167923484021649,0.9740458370089545,0.009161814576880336,1.1991225991921015e-11,8.812731553523706e-15
1,4.842064833401461e-10,0.999688162696617,0.00030924320010554006,2.5936190513880637e-06,1.9763088496728403e-14
4,3.240891700478237e-71,2.594585167822728e-44,1.2032968304573943e-24,6.021008611728e-20,1.0
2,3.631027757977239e-19,0.00018764848328078513,0.9993160140511311,0.0004963374626365895,2.951583674790765e-12
3,5.94358147361824e-42,6.149868794984978e-11,0.8659947599017803,0.13400524003669462,2.656237105211728e-14
2,1.6670983412435595e-18,7.003197029601129e-10,0.7597334383068666,0.24026656095970453,3.310926865617216e-11
3,1.789958317970158e-20,1.1937950616173334e-14,0.013048831991383146,0.9868117268302419,0.00013944117836285335
1,2.626373023633147e-05,0.9992952721453551,0.0006784641244086835,5.1897723560610865e-17,4.401683945118688e-22
2,2.0921206346397907e-05,0.014395435189572776,0.9855528025646741,3.0393822293293527e-05,4.472171132764595e-07
1,9.439226072103355e-07,0.9999818509459187,1.7205131473214482e-05,9.9160485346584e-16,1.2144896589058403e-17
4,5.557098474801886e-19,6.178864986394012e-16,6.93991235961338e-13,3.058452593519776e-08,0.9999999694147794
1,0.004706633051779177,0.9946880470815468,0.0006040051606587658,1.3139522545623427e-06,7.537604778252163e-10
3,2.995151500733167e-18,4.509564120474839e-06,0.02492979299569723,0.7791599253174725,0.19590577212270982
3,1.1154946771938735e-19,0.00018596735545927198,0.0008193571879593823,0.998975070755236,1.9604701345240585e-05
4,5.3611658245705205e-36,8.191310310433535e-47,9.713313167683033e-28,1.7345632173009213e-29,1.0
4,1.0764869963924568e-65,8.032566285110252e-41,3.457442542805664e-22,1.4858072662433445e-15,0.9999999999999984
1,0.0019417490144522252,0.9878770596702862,0.010111205137649551,6.998312800835307e-05,3.049603651616203e-09
2,9.406848827326035e-18,0.00015162009753141568,0.999453865264833,0.0003945146043449325,3.329049559271834e-11
4,4.191984461335623e-37,1.478451925088075e-39,1.1885291206080692e-25,1.0013856665514926e-12,0.9999999999989986
2,4.246417349499148e-12,4.741947472840862e-06,0.8797638200385394,0.12023137709014424,6.091959715028196e-08
2,7.715901501644456e-22,1.8600830860690048e-05,0.9977892659568224,0.002192133195649907,1.6667348486109276e-11
1,9.148728933770371e-05,0.9998940261438256,1.4486566835400639e-05,1.2332835436934566e-15,4.672882366970335e-17
2,1.3155768405305387e-15,0.027719102493932595,0.9722808185322375,7.897382582114995e-08,2.808413812399799e-15
2,1.4545423356641156e-16,0.0015160592173042986,0.9984415377225168,4.240306001402162e-05,1.6499201457725866e-13
2,1.8475596269212657e-08,0.00036584230096925306,0.9069538521141952,0.09266852534654235,1.1761762696910383e-05
1,0.010337398078511542,0.9705957350805801,0.01903655234766275,3.0308565109156415e-05,5.928136552947322e-09
1,0.00013481417392768457,0.999864577543682,6.082823903554457e-07,5.0121759862197975e-18,2.2174453863578665e-19
1,0.00050842084453592,0.9719689685579258,0.027522610425319893,1.717320092511857e-10,4.864202820848855e-13
1,6.329858611901341e-05,0.9973372008191516,0.0025995005935209813,1.2083434181305021e-12,3.9049214146062385e-17
2,6.272559488154745e-14,7.019919982018637e-05,0.999928836348616,9.538783198061542e-07,1.0573181421387456e-08
1,0.0024927313206238332,0.9971968317790587,0.00031043690031707543,2.0567057599279456e-16,1.5262321828067894e-20
2,4.114151476227183e-06,0.5666671460133057,0.4333280989125112,6.37924165138089e-07,2.9985418264593352e-09
2,4.798623717192837e-06,0.07868051161282248,0.8469786773475269,0.07424862852003328,8.738389590020697e-05
4,3.0629238856700323e-24,1.0419649120276475e-36,1.0063988130440174e-11,2.4445655713153824e-24,0.999999999989936
1,0.0003586834020341092,0.9571913597231835,0.04243778591131253,1.217053781037253e-05,4.256597506968334e-10
2,2.242863259132367e-11,4.218954875515692e-05,0.9972568073555794,0.002701002119460133,9.5377663892403e-10
4,6.649895144688328e-36,1.195010866746337e-46,1.0423017070266042e-27,2.2590046361198108e-29,1.0
1,2.3768692930204437e-05,0.999267675306209,0.00070855600086073,5.114937429199197e-17,4.240292408167077e-22
3,8.03819737323647e-10,5.15883157772752e-05,0.31419692851720965,0.3722385559004235,0.31351292646276985
1,0.051000558884905116,0.9479069451064598,0.001084025876056639,8.45729073076821e-06,1.2841847691885776e-08
0,0.9999822285107506,1.7771474274441344e-05,1.4974999875993715e-11,3.1105561120487555e-27,1.1836107391665371e-26
4,1.2247304139891162e-23,1.121592287611283e-17,0.00045215579838772,0.9854834412032024,0.014064402998409772
2,1.1158204556371688e-14,2.0309098883879483e-05,0.999964569378173,1.5120574962599998e-05,9.479695209144473e-10
1,0.21894136366368788,0.7810585219671836,1.143136862212692e-07,5.5425836039650266e-11,1.6382531327320273e-14
4,1.6482769366471716e-18,2.772830801821091e-11,0.000297362228367453,0.04030066744891978,0.9594019702949844
1,0.0005312696302850885,0.9748176934635092,0.024651036717862517,1.87890754702115e-10,4.5229714457626964e-13
4,8.689817102843551e-37,1.1753439592826056e-32,3.7905296696122897e-19,4.62480070009685e-09,0.9999999953751992
4,1.7932339435143377e-18,2.9240376909405755e-15,5.224211664305479e-12,3.548167219746102e-08,0.9999999645131007
4,6.2583390319903e-66,2.8510834112314084e-41,1.6685722853045634e-24,8.135071766619818e-19,1.0
1,1.1870596827730481e-05,0.9999879002683358,2.2892045579811796e-07,2.1438063074013402e-10,9.30496741813247e-20
1,0.0014100815019402995,0.9985299264190253,5.999207509861633e-05,3.9360274755774915e-12,1.282086496853995e-18
3,9.624437981233301e-17,2.50941423546089e-05,0.03341196246712962,0.7176296967950129,0.24893324659550284
3,7.54560883810405e-15,9.86674516214733e-09,0.011206361958725465,0.9883685345213781,0.00042509365314380616
1,9.639761622018155e-12,0.01190046262786083,0.9880995373606191,1.8801980011410977e-12,1.540908458053196e-18
2,1.7515238516707368e-18,0.00045343672978557424,0.9994030862984438,0.0001434769686853405,3.0853537451281095e-12
1,4.721299655750356e-08,0.013368460701126688,0.9866027732135705,2.8266873486465328e-05,4.519988198586988e-07
1,3.478258602828757e-05,0.9979704447852338,0.001989984876784437,4.787748208639128e-06,3.744979529328686e-12
2,4.738264852859548e-15,2.8085621032237674e-06,0.9998574874200244,0.0001397039470441292,7.082354961870327e-11
4,5.834260171437174e-43,1.1939358401624711e-51,9.202717682388225e-24,3.6860922299986643e-28,1.0
3,2.005499316540344e-16,1.0024514056527592e-11,0.010220525858404736,0.7462639308418868,0.24351554328968367
4,4.829342240868073e-19,5.20817590777829e-16,6.46648924553261e-13,2.7265833956740407e-08,0.9999999727335188
2,6.933222638199177e-10,0.011805936187862728,0.9674678753834702,0.020721111446385557,5.076288959206499e-06
2,4.9255713768630704e-12,0.00013794434304144974,0.9936782489336594,0.006179492542821622,4.314175552083777e-06
1,0.0076625242175343885,0.9904156508089516,0.0019105739970657252,1.1242490687469411e-05,8.485760671690718e-09
2,4.0703775762518306e-17,0.00020285743040653824,0.9992140743560075,0.0005830681359002396,7.768584014148018e-11
1,0.00045429258119362076,0.9995446594885288,1.0479301661724833e-06,3.265094236805232e-15,1.0816433839986558e-13
2,4.337605426346034e-10,0.013139211018196845,0.9868596109659425,1.1775345101187724e-06,4.7589989043484304e-11
3,5.24500672680306e-08,0.029230300516128665,0.8193117308305551,0.15124090543209562,0.0002170107711532846
4,3.701439731529845e-14,3.7243324739381735e-12,2.91071376492474e-10,7.736654453899228e-06,0.9999922630507133
4,1.1273458308692003e-28,2.9254122378625546e-13,3.3007799797144545e-09,2.5998233872720825e-05,0.9999739984650549
2,6.484088242614357e-33,7.831088432220816e-07,0.9999992034436224,1.344753430945421e-08,3.944848350675807e-24
2,5.66952404447945e-16,0.0014892976272463622,0.9977919593159013,0.0007187429568178422,1.0003408282152003e-10
4,5.397675357296865e-41,1.9133740081286134e-11,0.007128526701414239,0.8597292127778545,0.13314226050159766
1,6.726745781428404e-07,0.9225766864286513,0.07742264089667936,7.595934020858476e-14,1.5151817281278136e-14
2,4.1898346690533913e-07,0.003840435452033655,0.9919399636541317,0.004216545546455651,2.6363639121747283e-06
3,4.0376468250867624e-25,3.751603500115989e-17,0.07063068500059427,0.017269122049129157,0.9121001929502766
2,9.334004273498728e-11,0.007500864846697008,0.9924329758967733,6.615903895121838e-05,1.242383479932114e-10
0,0.899558525561326,0.10044147443866926,1.0410960034454822e-15,1.4419028199179094e-16,3.537357223267765e-15
1,0.0003533059874380071,0.9504845233539588,0.0489161090566577,0.00024597128667863097,9.031526701337222e-08
2,5.322885215909986e-12,5.328091781336133e-06,0.8779611752957779,0.12203342410473757,7.250238047171965e-08
3,5.678523842672131e-22,1.880984642972845e-08,0.00075069813086792,0.9987032317459413,0.0005460513133443835
1,0.00016581840692314988,0.9989613069546456,0.0008728746384247173,6.641941118231336e-15,1.3567849163219149e-19
4,4.643088783009324e-71,3.2026870873993915e-44,1.217621490898727e-24,6.535583815692924e-20,1.0
2,2.257918383510492e-07,0.010273127830463413,0.9897027344637324,2.3887219891368426e-05,2.4694074706610614e-08
3,1.2325747543560188e-24,5.958178556745252e-07,0.12397619701138597,0.8758275048604177,0.00019570231034050377
2,4.8385031593300495e-08,0.0013994799190581253,0.9986004716856957,8.962428295460957e-14,1.0124939904039048e-11
4,8.084385884774524e-41,4.9141368562714165e-25,1.0631228339471337e-22,1.5887407947637022e-12,0.9999999999984113
2,1.956087546321046e-10,0.00036327375988715255,0.9996348819371118,2.2824735239534635e-07,1.6158600397496968e-06
1,1.805968778705077e-06,0.9999981631231004,2.851672857562787e-09,2.804784399614261e-08,8.604101229138444e-12
3,2.3909558667950228e-20,6.193015763850552e-14,0.006747315002392128,0.9932483409977438,4.343999802086301e-06
4,3.904560960718077e-33,4.8116095106476806e-23,0.001566270706494858,0.1953509780364497,0.8030827512570555
4,6.5980366991666105e-40,1.369973685645498e-17,2.2124078404159002e-06,0.9742660739821778,0.025731713609981593
4,5.632479544603313e-66,5.725140718028721e-41,3.4617363332819825e-22,1.1555244477798966e-15,0.9999999999999989
4,2.7602027086897097e-33,2.987294567072522e-27,3.7018069940389535e-09,0.0009542772381175397,0.9990457190600754
1,8.715294363229178e-11,4.28602074730753e-06,0.44801413141965046,0.5455150142421915,0.006466568230257852
3,1.0385582200092057e-28,1.2737243512013317e-07,0.04489591693983402,0.9548839646689411,0.00021999101878972303
1,6.486454490245159e-06,0.999982168291557,1.1345253952122051e-05,8.084863617360517e-16,1.3593416508291622e-17
2,5.7639474758429684e-11,0.00018148644995063308,0.9986715937621018,0.0011469194459047401,2.8440336795203407e-10
2,1.9522296989421604e-08,0.05039620663067153,0.9420938405462713,0.00750962647887686,3.068218833018739e-07
3,3.3943947960251557e-25,2.692948616749297e-10,0.0001645940218083964,0.9997984939388393,3.691177005729916e-05
1,3.1361079481644186e-07,0.791595765764074,0.20807267700546037,0.0003312436177495819,1.921191800272506e-12
2,1.21232414734131e-10,0.000603414446074925,0.9993390791384916,5.749867360529089e-05,7.620595635392075e-09
1,1.4441920698543323e-06,0.477988139365737,0.5220102185018969,1.979387996174978e-07,1.4966552133817031e-12
4,7.0042949891072435e-71,3.575710441882743e-44,9.772464030470136e-25,6.769433051104184e-20,1.0
4,5.163785766674737e-19,5.964383607391168e-16,6.780828152801087e-13,2.8883106516741514e-08,0.9999999711162149
3,5.2546678398826195e-08,0.9999983094175507,1.638035770946625e-06,3.241189630473228e-19,9.103458074862593e-22
3,1.571026251128447e-18,1.316527786314482e-09,0.037827734645768704,0.9549420833436796,0.0072301806940239886
1,0.0065225606824837095,0.9902296638314968,0.0032477754842123174,1.8068343290647853e-12,6.643213279583237e-17
3,5.164244744768821e-10,1.906336978205896e-07,0.0010971930719160155,0.9986406618560002,0.0002619539219614087
4,7.967641060842798e-32,6.6200294297582e-25,0.0014821069669421426,3.209979419993431e-07,0.9985175720351158
2,2.085133344489055e-15,0.00031420896350861454,0.9896604483659615,0.010025195351207206,1.473193205446742e-07
2,6.749576942464458e-07,0.1953295467754627,0.8046577257683983,1.205218888245769e-05,3.095623921987275e-10
3,9.614424582555415e-18,6.136902434763196e-14,0.00017297959242188916,0.9984941152785266,0.0013329051289901479
3,9.150692215922297e-22,1.040510269764999e-12,0.019836371394428762,0.8771595016893714,0.10300412691515927
4,3.5832576219784634e-39,2.37160682847418e-23,1.6128096984508092e-20,7.1240741432673225e-12,0.9999999999928759
3,5.246966465620955e-11,1.4136117210472295e-06,0.2666411964458997,0.7305568003859249,0.0028005895039847108
2,2.841948631199612e-06,0.01933348471279515,0.8094174185219091,0.170876519661182,0.0003697351554827882
2,7.991688378131382e-06,0.9991541908280868,0.0008378174792070504,3.391154797670426e-12,9.369232324454342e-13
3,1.6111338901790996e-25,1.0356117525772454e-07,0.021600935966119363,0.9611638866908391,0.017235073781866277
3,3.5620471815645264e-29,9.742391130562993e-09,0.035685270872965885,0.9636020570506513,0.000712662333991648
1,1.9032864869734338e-07,0.9999931740671356,6.633163881630088e-06,2.433411009278527e-09,6.923117323460701e-12
1,1.736824939424828e-07,0.9999998232794122,2.3041145116444605e-09,7.339793222087331e-10,5.348915091137111e-19
1,0.04688830047123823,0.952036673851484,0.0010668416700288024,8.172402684848093e-06,1.160456397205254e-08
0,0.9999870134951918,1.2986504808285662e-05,1.0208152124677502e-22,4.3134984159903746e-24,1.855540534472612e-28
1,0.0013462586113335776,0.9986109920134898,4.2678631185229266e-05,7.074364011295896e-08,3.511384112124339e-13
1,4.799877578003863e-09,0.9999999314317736,6.376834893014312e-08,2.883991754410132e-23,1.551812266559081e-25
2,6.498212062516117e-10,0.0002602381928955763,0.994989732320988,0.004750018116934595,1.0719360642007993e-08
4,2.0403208205765815e-10,9.229305323213098e-08,0.0014299242514118245,0.12221977645135665,0.8763502068001461
1,4.6280737233348566e-07,0.003263491216333027,0.9797174319242549,0.017010824076140865,7.789975899044714e-06
2,4.754301951845382e-25,1.9680925385706642e-05,0.9999727607512592,7.558323354931356e-06,2.1362539317562197e-16
2,6.996053330231928e-11,0.046634976874236164,0.9504062123394119,0.002734781373674263,0.00022402934271707566
2,4.507880003586391e-12,4.88503656164986e-06,0.8788090338071692,0.1211860175801249,6.3571636519663e-08
3,6.335228065362145e-16,2.017281220050567e-12,0.0004388524501389174,0.999036152588683,0.0005249949591602176
2,1.9920907064577653e-07,0.12231086561301979,0.8776608329395932,2.810217875564316e-05,5.956057658227622e-11
1,1.4650306898159676e-07,0.9999960758667888,5.287974266941737e-07,3.248832484351384e-06,2.31128321972835e-13
1,0.1810947174296166,0.785912472278856,0.032977871451243146,1.4876556605611947e-05,6.228367858079041e-08
3,2.799726395997882e-24,2.79511390022385e-18,0.053678879273327866,0.9457531476373994,0.0005679730892728519
4,2.132165028474741e-36,3.4799085308131743e-47,1.0644208376910748e-27,1.1785718684431206e-29,1.0
4,9.193917578258405e-26,4.1009540225052747e-19,0.000174459360100298,0.9981638481341709,0.0016616925057287995
1,1.1667433141326873e-05,0.9815049543656341,0.01838660003863527,9.677813432498031e-05,2.826426692542052e-11
2,8.354870500401246e-28,3.6943825354979095e-21,0.00010307716792060299,0.9767253884343984,0.023171534397681024
2,2.8064543880255932e-19,1.852961680222004e-05,0.9661274405643075,0.03385401195591372,1.786297642513889e-08
2,1.525117888514556e-12,0.0005651607893542331,0.9994348388590018,3.5005666507825047e-10,6.212827271488726e-14
2,6.14740977423673e-22,1.4743661631958025e-16,0.9999999999999998,1.491458947316479e-20,3.938605912705409e-18
2,3.7412452126410064e-10,0.00021457369916585886,0.8927563557921381,0.10702865784811565,4.1228645600090045e-07
4,2.7969545731460985e-29,1.8147409489121063e-11,1.8085636072856167e-06,0.0038920916955620622,0.9961060997226833
2,9.79169504264115e-12,0.001726960681210772,0.972771691980791,0.025497729414031556,3.61791417508186e-06
2,4.454712746932578e-19,4.123312802661914e-05,0.996955544932789,0.003003221720233993,2.1895031448651806e-10
3,2.643123438205917e-32,2.9302269078048633e-08,0.07355757709159082,0.9264324160782914,9.977527848753679e-06
1,0.0001124573433357477,0.9998087866325378,7.875490137924852e-05,1.1044817197048739e-09,1.826545767217272e-11
4,9.353007317429477e-31,3.0452189564047293e-17,1.8753077087260364e-14,3.7084068376177906e-09,0.9999999962915744
2,2.390004257393556e-06,0.03600203852455397,0.9639930568489182,2.5105461086323803e-06,4.0761618336657834e-09
4,4.652282021130147e-37,4.752823682494404e-33,1.128138231373615e-19,5.17662376537314e-09,0.9999999948233762
0,0.9881549925489854,0.011843311144110377,1.6949374322156092e-06,1.3088447679454208e-09,6.062730910954551e-11
1,0.00023583481709477417,0.9997629410973334,1.2240855717152799e-06,2.070259139265739e-19,1.8216225619333092e-20
3,6.898583365583335e-20,0.0006299509898420359,0.9734104582960245,0.025959590548341054,1.6579224514651137e-10
2,2.259937053192569e-10,0.00016910327822321358,0.9909357816368116,0.008895088284308456,2.6574663073874035e-08
3,1.50863535519341e-12,3.604513303878494e-05,0.05755453979914195,0.9390156303415824,0.0033937847247281407
3,5.765695861264521e-22,1.2272698982216085e-16,0.0015998092927589913,0.960396435344633,0.03800375536260794
4,1.712350339681239e-36,3.824612509716821e-10,0.0025873365821076208,0.9670748022616269,0.030337860773804286
2,2.2498346017449955e-19,1.7829437442170893e-08,0.007809485166095765,0.9920336171097046,0.0001568798947620058
3,1.74792237599459e-20,1.1790242778941237e-14,0.013110996888475465,0.986751825650843,0.00013717746066978337
3,4.157804728027946e-12,4.134765598156473e-06,0.05942656898615041,0.8440908828897574,0.09647841335433614
2,1.0968120271113095e-07,0.06177026911886337,0.9382278061965755,1.814998738135826e-06,4.620120830740213e-12
2,0.00011563294597589537,0.2375984139974544,0.7622755081893731,1.044183525523086e-05,3.0319413687286957e-09
3,3.4233308260195402e-15,6.09533029286831e-11,0.00023556015810613553,0.9933876288168499,0.006376810964087353
2,2.2145080890071023e-15,0.0019032927381041473,0.9979427088389913,0.0001539984122841803,1.0618140275030287e-11
4,3.4340017013453284e-36,4.318537136548649e-47,9.029257191346597e-28,1.1529240119858606e-29,1.0
4,3.065944202807959e-37,2.4831990932388532e-18,7.647954821182529e-17,1.4883186975540744e-09,0.9999999985116812
2,6.249430558261922e-07,0.17875302365391638,0.8212286781117609,1.7672922357541147e-05,3.6890915187795834e-10
1,0.0001642684424309794,0.9989580741549803,0.0008776574025803798,8.485186756264e-15,1.3994369558422532e-19
1,0.03951885770464218,0.9604304497042839,5.0692590510964984e-05,1.488566547328509e-13,4.1413776120271777e-13
1,2.0479225913673055e-05,0.9999795074126254,8.028603456089352e-09,5.2589654252594165e-09,7.389173032897014e-11
3,2.003721455340166e-13,0.01615524895957892,0.6848016685472766,0.29794419301704594,0.0010988894758981866
1,3.0982462077322194e-10,0.0003427866608152379,0.964870325239487,0.03478663907060549,2.487192675477012e-07
4,3.5378134740473584e-43,3.2849187207622157e-52,7.111969610406045e-24,1.072119251297991e-28,1.0
2,3.2667571148732802e-06,0.4123369054453761,0.5541603045893991,0.03349951046826349,1.2739846408309167e-08
0,0.99455953420859,0.005440465791124828,4.4113474283140793e-16,8.258459865726241e-17,2.8469678356753314e-13
1,1.8866541510022257e-17,3.031182002284667e-11,0.0929713291808228,0.9070284126105899,2.581782754220473e-07
1,0.009555755787761923,0.9898973307696981,0.000545199988861944,1.7117930344591397e-06,1.660643497083477e-09
2,7.965408419833802e-13,0.5017952500000753,0.42472233502402196,0.0731206746357512,0.0003617403393550005
2,2.1302409016190882e-12,2.141710604633658e-05,0.9929497106076767,0.006998600255507008,3.0272028639630863e-05
2,2.2397409518527736e-06,0.14316642188740794,0.8487170961702515,0.008114156609575072,8.559181374818322e-08
1,7.910731295997928e-07,0.9999973853224278,2.6836150593518743e-07,1.5552427077001718e-06,2.2898223872343615e-13
