target,prediction_0,prediction_1,prediction_2,prediction_3,prediction_4
4,0.028581361977830042,0.2143908715870746,0.18025410953566476,0.0454926039847255,0.5312810529147052
1,0.083473622008958,0.34873953599861024,0.18070843107217768,0.11964763029974303,0.2674307806205112
2,0.06519524578308881,0.3552268901338454,0.19020250604588304,0.12701121768499388,0.2623641403521889
2,0.0011186094808959446,0.011576590999196158,0.08816793550995983,0.6176289510823244,0.2815079129276236
1,3.247079179022623e-08,0.9876558900734176,0.012340055256921093,3.826480856178487e-06,1.9571801310052905e-07
1,0.011602272200957556,0.328327657328702,0.41735359123445304,0.16640975181631554,0.07630672741957188
4,0.00015800667231171862,0.0005712990998387979,0.001108296505090039,0.001676445219270605,0.9964859525034888
4,0.026068213803982453,0.29962997265563673,0.40591159965385465,0.14446498739427174,0.12392522649225438
3,0.00718896271936752,0.1780238426561494,0.4673150963681181,0.29693818806240846,0.050533910193956366
1,0.009319933830160472,0.3778891112440431,0.26560025761391115,0.20320448172458977,0.14398621558729569
3,0.009311367361825994,0.26171106145049366,0.49195133056290646,0.23215545120986544,0.0048707894149085445
3,0.009587755493286838,0.095977115292356,0.6754584876427586,0.041175720086655404,0.17780092148494323
4,0.013315191788070536,0.0466294438346428,0.06357717921215365,0.000980316621599678,0.8754978685435333
3,0.0010335075288176025,0.014649402727679563,0.5109660430672917,0.4728889138902029,0.0004621327860084108
2,0.06750297221841826,0.358912428499736,0.21375683328769252,0.12634206883932636,0.23348569715482678
2,0.005802270873887289,0.1765622889109402,0.3959136613449009,0.3760926494817963,0.045629129388475374
4,0.015407803541821285,0.028386434166349995,0.06657874217318782,0.09995941046333931,0.7896676096553016
4,1.4245454553260706e-09,2.5897533556373622e-11,0.0012415343828683675,0.48582981304040496,0.5129286511262837
2,0.09974326725134121,0.09824044412245023,0.11553266436816689,0.3022999611216895,0.38418366313635216
1,0.07444975172130172,0.3629069762012962,0.2340412709042635,0.15326351760101992,0.1753384835721186
4,0.0009284913754053527,0.0014798679452426957,0.06807734191225669,0.024633742618023466,0.9048805561490719
1,5.429362922985891e-10,0.9992738955600279,0.0007253926527035396,6.632495412891775e-07,4.799479129074863e-08
0,0.05514290072708973,0.31964217788317384,0.2841723342800672,0.12393028889605719,0.2171122982136121
2,0.009889395873972626,0.34763982424494433,0.18302964935532506,0.0981871267696454,0.36125400375611266
2,0.3886265105596056,0.1859317901598426,0.3717460564888373,0.041207935288003525,0.012487707503710982
1,0.060101345751145986,0.2545423309494142,0.15032821609108962,0.07374905246429075,0.4612790547440594
4,0.045686617622883084,0.18276066026824478,0.30070730315893734,0.09226542908704748,0.3785799898628874
2,0.0017706726041973638,0.34757742829424154,0.45097183830255205,0.16871289312891527,0.030967167670093707
1,0.035123041922887656,0.3750076184241115,0.36196674765547304,0.22780177432096493,0.00010081767656288248
4,0.016056825532121274,0.019254699294983427,0.32168596949299877,0.011162973360886105,0.6318395323190104
0,0.21174596411609584,0.42803690485093965,0.21491653487598017,0.08281103375455885,0.06248956240242543
1,0.007045614884148277,0.3197323569258054,0.4752870154395374,0.1466684368999677,0.05126657585054127
1,0.0005138029705545915,0.2461560547813805,0.6319266391472951,0.11185838222560626,0.009545120875163427
3,0.035299951689783435,0.24511052196293528,0.3260255158662766,0.2935840295601729,0.09997998092083185
2,0.052243152284654176,0.21421189805490673,0.6407045958534269,0.09212302834685367,0.0007173254601584915
2,0.0005011187164700006,0.8945435979087728,0.07984308562379752,0.016680283158684136,0.00843191459227533
2,1.5124573879926917e-08,0.0007459833342094492,0.08598083924051073,0.907903313774235,0.0053698485264708305
1,0.06188176135493233,0.37477800296861563,0.24226197977083685,0.28113096764658746,0.03994728825902759
3,0.026108078534584855,0.20473478872681883,0.4374096523035897,0.24066617054407252,0.09108130989093403
3,0.07758799306487157,0.4017893948962312,0.33522509611913365,0.08659329171926711,0.0988042242004964
1,0.013394852517325005,0.38452634407303754,0.3705998627909566,0.15311812061372512,0.07836082000495576
1,0.011725210953536843,0.3084981962687877,0.22324256682307514,0.1627513235475982,0.29378270240700205
4,0.057041887914223224,0.24608706020356425,0.2741038093531936,0.07829968715223724,0.3444675553767816
1,0.029724185716841045,0.367364248193338,0.2827944593547993,0.13568782911590355,0.18442927761911815
4,0.007748325524896362,0.10908158494047492,0.12706704595525714,0.015269240784721768,0.7408338027946498
4,0.06533222291356806,0.21664630214355093,0.17601328808172303,0.07431427315382112,0.4676939137073368
1,0.16590991728903495,0.42301078116458707,0.24679474727344042,0.086160565609225,0.07812398866371241
2,0.009196012384692679,0.3394353495498667,0.4296974077923571,0.1578430069145129,0.06382822335857066
2,3.454883484730164e-07,0.08435268340512568,0.1112258241593065,0.8042143790688063,0.0002067678784129721
3,0.032892602103579964,0.0773015866681023,0.514071656238592,0.028904298044930717,0.34682985694479507
4,0.043554157271261655,0.14305133298051165,0.23053276959412616,0.04428910234830189,0.5385726378057986
3,0.018576371950120206,0.37943514085901187,0.16289819199419364,0.06881180949664872,0.37027848570002553
1,1.6322996800126955e-06,0.6998202535989801,0.29271400006081416,0.007462754356093494,1.3596844321820292e-06
4,3.0136125632601854e-08,0.00016996976793277996,0.2659180577816788,0.21895579220431838,0.5149561501099444
2,0.03412406630005076,0.27130276811573306,0.2895739283681592,0.3024768450261979,0.10252239218985902
4,0.03299775652476532,0.1450827599754178,0.29066324772316343,0.05205231215918407,0.4792039236174694
4,0.023888877412143118,0.04748308870473658,0.15624985220569723,0.3930680927344952,0.3793100889429278
0,0.044179934785237726,0.4002704096283986,0.2715828958814557,0.1399985082886748,0.1439682514162333
1,0.0001970124779511311,0.9776751554324636,0.00475391329824869,0.017321854191662305,5.2064599674409625e-05
0,0.018526785977479684,0.4870152657940309,0.3442584316950676,0.13405624655271345,0.01614326998070826
1,0.030083983918780664,0.23958750101607498,0.3919321649100701,0.1836390634349351,0.1547572867201392
1,0.015078609314631071,0.3766253503378944,0.3835668196133597,0.14536827869007182,0.07936094204404306
3,0.01046708110497733,0.16408875653134944,0.3683504075089623,0.15793384323773774,0.2991599116169732
1,0.14951878015535666,0.2744443005966608,0.3773571187328588,0.17756918319850915,0.02111061731661459
2,0.026686885248127172,0.32810112959030857,0.27863192884878707,0.3655625537833858,0.00101750252939134
0,0.06820890725824841,0.26981008568207066,0.16467272268102243,0.08179968450721332,0.4155085998714453
1,0.040999391033769865,0.16492912863688264,0.3073806285481681,0.09350371665634678,0.39318713512483267
4,0.041629109455976504,0.18740817211072527,0.328362004040796,0.1747860492596349,0.26781466513286745
3,0.04557055897869532,0.15036048422369996,0.2575882476697766,0.05462563030984821,0.4918550788179799
1,0.021312781052792724,0.35217946553133705,0.2935497153554644,0.3322578589564474,0.0007001791039583669
0,1.2912648127535913e-05,0.0675731484690973,0.03772221854025435,0.0064208983709982724,0.8882708219715225
4,0.0534821190643343,0.11164632588116061,0.17076967071742222,0.2207551722071469,0.4433467121299359
1,0.0568431176754822,0.4136772442679387,0.2569872720028152,0.14184793753351244,0.13064442852025157
3,0.10819522610487525,0.5260146484379792,0.2057686426289778,0.1446889256071956,0.01533255722097212
3,0.024799347187709608,0.2610381581137886,0.3643892316652107,0.34800044006582437,0.001772822967466613
3,0.039011217936633584,0.3470287483752475,0.267606218753073,0.1222525574041477,0.22410125753089818
2,0.017820749020514576,0.24937633492614775,0.40352610764734087,0.29135123319375744,0.037925575212239424
3,0.014940614981570902,0.2651898826804379,0.34221408299642025,0.35814750554514335,0.019507913796427724
0,0.00014503571419862858,0.9604752132945653,0.023552137043471044,0.01509607725312228,0.0007315366946426769
2,0.016887074962526942,0.32710208642151545,0.32629154224816775,0.19937800114454907,0.1303412952232408
4,0.009075678671888694,0.06354972736519189,0.22288806356698088,0.3892670811372286,0.31521944925871
3,2.665628415893738e-11,1.203600256999184e-10,0.00015045629423974204,2.399357551025086e-06,0.999847144201193
4,0.050468691188586635,0.28274056861083424,0.23382239347668454,0.18765686307214027,0.24531148365175437
3,0.1566905983575967,0.49664921471030465,0.1918067388711269,0.08170217030358763,0.07315127775738398
3,3.287471844239104e-11,0.9992791633859558,0.00012058128791979056,0.0006002552909223962,2.327286669241052e-12
4,0.04735093678442661,0.03220238371124895,0.2506800719380055,0.6676473789302203,0.002119228636098621
0,0.014777114669582914,0.2678939967105543,0.3407981257036521,0.06344734928146652,0.3130834136347442
2,0.0657860378984693,0.4196045585678708,0.2850209619326215,0.2097173127230126,0.019871128878025612
1,0.289510704418626,0.11608344337613731,0.4885118607967036,0.07342647369342978,0.032467517715103485
2,0.0039170314005443204,0.03715958831419726,0.4494347560591875,0.08307339729525585,0.426415226930815
1,0.023494111895601882,0.1974027487148741,0.4408396629846265,0.24699172070412964,0.09127175570076801
4,0.0028268297043502976,0.05821768274885108,0.278169766131574,0.012717122505670413,0.6480685989095541
2,0.0002045505056220486,0.8505582443634669,0.026781565269034396,0.11422878389476174,0.008226855967114964
4,2.828909131433388e-06,0.001608617789943504,0.051506157061095556,0.0889978160333985,0.8578845802064309
1,2.996456889521041e-06,0.04965469517547575,0.9390838888204188,0.002534684893304324,0.008723734653911562
2,9.32939781039396e-06,0.6811023319053845,0.3179924159986394,0.0008956409359439635,2.817622217994724e-07
2,0.3658796391087565,0.27109103637766974,0.3030385204572573,0.053823900234190765,0.00616690382212574
2,0.06570720760607353,0.4776378234976628,0.19938601814423845,0.12951299904122532,0.12775595171080004
0,0.15948298788719484,0.426392512854352,0.13636833288094513,0.2178542305734786,0.05990193580402945
2,0.024893181168087645,0.15480945372052052,0.2272077711125203,0.11544193550647948,0.47764765849239205
2,0.013519404691163596,0.2143976322789637,0.34091607782532796,0.05735552322606743,0.37381136197847736
2,0.10276055437519581,0.8110226231143696,0.06310507468889855,8.225277913661944e-05,0.02302949504239922
1,0.07518759916696624,0.3880855509864242,0.3354010264812288,0.08763166979655292,0.11369415356882775
1,0.20572591622019745,0.5297462744435929,0.17786356378099552,0.0856100893037371,0.0010541562514770882
1,0.05024465404395334,0.3480935167712504,0.17716396424079334,0.11451821517700447,0.30997964976699843
3,0.006755062899605443,0.3558015481777426,0.46243560285992236,0.13442294911130445,0.04058483695142515
1,0.07174933872671123,0.403217208005532,0.3060560956967825,0.07868593003466548,0.14029142753630883
4,0.03953823449383832,0.2586814535705258,0.1760007270651968,0.062412768172411516,0.4633668166980274
2,0.043165335591201094,0.11428502136960164,0.29824362700259677,0.06073647913556011,0.48356953690104043
3,0.0683829220208724,0.3234017022160375,0.2829599335180558,0.15215844449668398,0.17309699774835033
2,5.065809848823349e-18,0.9999993615273808,6.22529748704288e-07,1.585398564310189e-08,8.88849988276896e-11
3,0.26098547672006106,0.0077203319466529205,0.7234703197719352,0.007823252462979529,6.190983712669306e-07
2,0.04593441321222427,0.33504115055158346,0.2444045485997789,0.15290212630890457,0.2217177613275088
4,0.016899671105170648,0.07096645313287736,0.6354205411436875,0.09750442230193507,0.17920891231632935
4,0.009901351265489362,0.2154903777784509,0.20952021528957324,0.18930433262186547,0.37578372304462104
1,0.0066738409321314895,0.339684116964101,0.4412198503122482,0.15515400360892945,0.05726818818258987
4,0.004002383893273093,0.0066732200979964275,0.32130233519439927,0.003652389881468986,0.6643696709328623
1,0.01470583900157182,0.36706567476670815,0.3605637115690572,0.1878615331618261,0.06980324150083674
2,0.007638524641209741,0.3554725585237232,0.5002854038307044,0.13186981289631652,0.004733700108046132
3,0.002283910334419555,0.006904845547235236,0.040172497961038646,0.21807164613374885,0.7325671000235576
1,1.1398435074764684e-05,0.6526281714185022,0.34711293541104304,0.0002474399932366164,5.4742143405983246e-08
1,0.004568508789178604,0.12324412325337544,0.25916822011496127,0.2161645381898248,0.39685460965265973
4,0.012891336975099938,0.12472695949970457,0.1521283812598059,0.02289340216493285,0.6873599201004567
4,0.036302072509542,0.2741743111886166,0.3623792056460983,0.12952933888247883,0.19761507177326418
4,0.0036606040371918946,0.007492685969482372,0.03228028850737545,0.07114378567954098,0.8854226358064093
1,0.07926224408449123,0.39745113443143926,0.1905376955963891,0.11468718903333602,0.21806173685434443
3,0.00020693699362625727,0.25718104647403506,0.15303755044401582,0.5831338577020001,0.006440608386322748
2,0.08387127749999859,0.5189369540547382,0.24079229864180463,0.1366584405054399,0.019741029298018842
1,0.022126089043223978,0.33380141949417586,0.33383610337686154,0.1791162180718703,0.13112017001386847
1,0.007043955702187604,0.3856661689266899,0.44473220134910735,0.1625408075381015,1.6866483913513987e-05
1,0.0702223245652059,0.03675835147908339,0.7473467442610757,0.14566163076954988,1.0948925085213213e-05
2,0.027511128118724536,0.21266372159054647,0.43134852023900644,0.23388090257046917,0.09459572748125339
2,0.009437188445426441,0.35141905226081493,0.42722397425275,0.21021160335959968,0.0017081816814089633
2,0.0628305739832999,0.38415073955543716,0.21228092453782288,0.14300294718624332,0.19773481473719665
1,0.0633367153806268,0.4005410051806652,0.36039217198538803,0.08316201276095941,0.09256809469236038
4,0.013678674630287279,0.07430810774894603,0.11420460752993687,0.0706501486848272,0.7271584614060027
2,0.025952891115334324,0.20432764300221812,0.43802801344412134,0.24077268487302503,0.0909187675653012
4,0.053092742522121275,0.2173929683924365,0.2134171274400376,0.060122442688274796,0.45597471895712977
1,5.206928096663463e-25,0.9999999999642191,3.576891847924723e-11,1.2035259896018204e-14,1.6929224591256012e-22
2,0.004431172732029187,0.550462299836969,0.34775380674444295,0.09187933158151167,0.005473389105047039
1,6.744457232406485e-13,2.491678028268173e-09,0.012737100639774152,0.984560805570673,0.0027020912972003553
3,0.002899856150314906,0.36403936453675045,0.2458323236951495,0.19498512309971514,0.19224333251806994
3,6.698500912519338e-05,0.019303759340175006,0.9445631842989415,0.029236660267960207,0.006829411083798307
4,0.04948558414455072,0.35570142241152186,0.24287325213147534,0.16286447547169702,0.18907526584075518
4,8.056378645846598e-06,6.536803204735331e-05,0.01869710615052102,0.01095355998214447,0.9702759094566412
2,0.009731902723093808,0.20329508496751791,0.2538659717090813,0.26010955245079587,0.2729974881495111
0,0.06152187828618533,0.32247024233059873,0.3821280196306113,0.1925559167464091,0.04132394300619561
0,0.1124782553565157,0.4902493766207667,0.16072787766370458,0.15248250203284838,0.08406198832616485
1,9.283596612694811e-05,0.9778707531207639,0.01691356870257323,0.0001967868533792983,0.004926055357156707
0,0.06614417927235061,0.7058071000296569,0.21961697261755986,0.008207846217416048,0.00022390186301653588
2,1.4233805497902386e-06,0.0004343845540031114,0.9270220419080546,0.012476027148254817,0.06006612300913771
1,0.0909753761945079,0.36130131830633294,0.18416327667635898,0.12777718374449862,0.23578284507830144
0,0.007708469892725459,0.038321235509778874,0.10947937199717597,0.008114541382135163,0.8363763812181845
2,0.08064837550199266,0.16721015226499725,0.332681001375277,0.13029735446705362,0.2891631163906794
4,2.1381238059505168e-05,0.00044467103152666734,0.0969657863580768,0.012381731906381017,0.8901864294659559
4,0.015805038970078348,0.0880547244265176,0.5220229363940907,0.1465584625307159,0.22755883767859741
2,0.3452488196569668,0.6150740079296936,0.03967418675366781,2.985632048093623e-06,2.7623722924185243e-11
1,0.029292203232902325,0.40873701692850006,0.2512888280022076,0.2511840812957424,0.05949787054064775
2,0.0057864539290825,0.3835004060413844,0.14966354139537705,0.08405395495654575,0.37699564367761024
2,0.17351562166662887,0.15470095736917805,0.37402581644910654,0.0996755680249051,0.19808203649018133
2,0.00019441339982720235,0.5583006114328013,0.4248629191021115,0.01662896585737584,1.3090207884258549e-05
2,0.0005101048989658214,0.3981546959584806,0.6010803510615095,0.0002547791058918079,6.897515241843587e-08
2,0.042547167063599414,0.37495528394703287,0.2673292335099674,0.1658814527410587,0.14928686273834152
2,0.04859301657432293,0.35287279435166174,0.2954346400098622,0.21878338789017934,0.08431616117397377
1,7.019900960144347e-09,1.0535459033683961e-06,0.008582527057230779,7.808581586278463e-05,0.9913383265611022
4,1.0503410369026933e-11,1.213429465448537e-10,0.0018956693307773753,0.1550194503380116,0.8430848801993648
4,0.06294616564707038,0.25662641992439567,0.26449509954963957,0.09985807622211433,0.3160742386567801
1,0.03591331139655587,0.3756427270421849,0.3079320938237736,0.1589299697871515,0.1215818979503341
1,0.04223091348287405,0.28206409785718295,0.33499638530641596,0.11459776104597821,0.22611084230754894
1,0.02695022069588062,0.32534258052260573,0.3027772988037715,0.19354866603257828,0.1513812339451638
4,0.03746260446404692,0.22137040385922657,0.1726949178063704,0.054799518450315624,0.5136725554200405
3,0.7922995726072836,0.0025127558326123677,0.17655099313613395,0.028635394039505012,1.2843844651687694e-06
4,5.97959350743541e-07,1.2104056871367875e-07,0.011341932466698065,0.6487710749004462,0.33988627363293644
2,0.06302463966142,0.46099355664879665,0.13518620183169872,0.3367387252067098,0.004056876651374668
2,0.00082360817251628,0.08930636274601071,0.8611064255553227,0.030688314939804475,0.018075288586345904
1,0.06562029801513931,0.35216016029697433,0.2544672901751086,0.10982713509423844,0.21792511641853926
1,0.010827866905342973,0.47253602084251983,0.396164579718612,0.11747452282026467,0.0029970097132605692
3,0.056210242026285766,0.30582079739512824,0.19865946099229734,0.10253965357077188,0.33676984601551674
3,0.043485450768799436,0.13665976307167088,0.28729553441321853,0.051476824740014915,0.4810824270062962
1,0.07346101686336078,0.31089779017321245,0.2083095234372199,0.09173063085572017,0.3156010386704867
2,0.000244333374941609,0.6682970854793645,0.1642643128149354,0.16518844066517047,0.0020058276655879983
1,0.00010964338575915587,0.02196277765542507,0.31995305002091623,0.6579745289378994,1.2219813966087955e-18
0,0.12833917782802032,0.4410054604443312,0.23176488140801513,0.19349014101898032,0.00540033930065307
1,0.01875795739392842,0.3248375613018644,0.32742272134467065,0.19685033255064366,0.13213142740889305
1,0.037310187388553975,0.05142620591616012,0.14763180790086503,0.39072747944210956,0.37290431935231144
1,0.003840841317431566,0.5156792390135696,0.2183581694937939,0.2621110505868662,1.0699588338813745e-05
4,0.054227639800137485,0.2771592988324308,0.17843108124240425,0.06422567774957752,0.42595630237545
2,0.05330930204317969,0.29029457666555414,0.27182914219178966,0.37949596889751513,0.0050710102019613955
3,0.016911152294986333,0.09075554310831306,0.5672973080380161,0.2926475576062329,0.032388438952451665
2,0.0002375319507894948,0.05267665790585093,0.5390442296528137,0.40720884157456855,0.000832738915977254
3,0.007369876619529468,0.20247781322722455,0.35332677403519663,0.2501116195639345,0.1867139165541148
1,0.0007964400215413332,0.6557070534487298,0.17140257249766355,0.1512962336806477,0.020797700351417644
2,9.507131320590067e-05,0.4761214810797215,0.2041862353713716,0.1138893995626743,0.20570781267302674
1,0.03339575682565917,0.29851005890349225,0.3489364574361757,0.18439356241925345,0.1347641644154194
4,0.006382997865559636,0.02836377299435887,0.038944938969792404,0.03135898048195224,0.8949493096883369
1,0.036576024548672835,0.3234729575809851,0.46513559119766806,0.07365790660789137,0.1011575200647827
3,0.007799534106131354,0.0007719233249260279,0.034555768119733724,0.6163750537710841,0.34049772067812467
3,2.0292042377660036e-08,0.04342580873751624,0.001126327712601744,0.9554478421206888,1.1371508761699523e-09
4,4.797491920287968e-05,1.2363299494938814e-06,0.003653715870433752,4.193056181888924e-08,0.9962970309498521
4,0.04414930598167803,0.2177634416226811,0.23794627860989478,0.06058264539702604,0.43955832838871983
1,0.009362289423414787,0.3767554037694626,0.2661830546239754,0.2034345714413331,0.14426468074181403
2,0.023618917507675932,0.19795643184489375,0.440391864147366,0.2465313020082339,0.09150148449183046
4,0.04059030323621839,0.345187507366048,0.23730424108534875,0.17610502603095277,0.20081292228143216
2,0.0025843753552364066,0.5108622416894262,0.3413559225161506,0.14414553199232583,0.001051928446861025
2,0.007857124457853559,0.3186427901410158,0.4942770670831593,0.1391396755375029,0.04008334278046831
1,0.035333688622569304,0.31039479351777377,0.16834055034201761,0.07304454261744006,0.4128864249001993
2,0.05078269160310274,0.12538376538959442,0.5173833765904824,0.07105656066949563,0.2353936057473247
2,0.001169487262198987,9.442101595997355e-05,0.14553634330242363,0.8432579829691644,0.009941765450253083
2,0.0036851059432207738,0.2889082639502332,0.5733298416703837,0.12473125572727015,0.009345532708892065
1,0.0812534086641278,0.37743738836390883,0.3191657723314368,0.08784937308310495,0.13429405755742166
1,0.019294473843893323,0.27701576617238244,0.2573046130910671,0.23165357720371388,0.2147315696889433
1,0.26998274900534436,0.6891061743099652,0.03922829532898044,6.824876562659394e-05,0.001614532590083572
1,0.0013220962138970655,0.7254940950200351,0.2720309769371107,0.0011498952971369415,2.936531820062487e-06
2,0.006098716676760823,0.42415304477388543,0.3066405197312509,0.160591864437875,0.10251585438022787
1,0.0012041480319282686,0.7105347642697618,0.2882492105625673,1.1876797570587353e-05,3.381720451829856e-10
2,0.07507550257018504,0.4277542386466878,0.18078685696211136,0.12778704285753814,0.1885963589634776
2,0.0007589023942213044,0.08739675659536367,0.04287468799834639,0.44465313052920125,0.4243165224828673
4,0.01308563736824825,0.7247318661692386,0.08590027643505646,0.023137794431417266,0.15314442559603936
1,0.00011689726885687593,0.004138619488846475,0.06102698636093646,0.15395595359783787,0.7807615432835222
2,0.006640464616786287,0.33984124466721616,0.44047067007715873,0.15570061124034823,0.05734700939849065
4,5.116575971418541e-12,1.25842901458833e-10,0.00016888936716778576,1.8121854793006984e-07,0.9998309292833248
1,0.0002077182624539994,0.5539906992632496,0.42956424403592336,0.01622401934252664,1.3319095846374752e-05
3,0.014132426410931322,0.13247772750957484,0.17154197235177193,0.027332060790069695,0.6545158129376523
1,0.1396360436752519,0.4531796186980219,0.3121827767926479,0.07153682295200756,0.023464737882070905
0,9.03428940270721e-05,0.985918412216199,0.01329185110179164,0.0006565369338928762,4.285685408930361e-05
4,0.6251596390380594,0.27574465626937705,0.09173173406588547,0.007363811583715204,1.5904296283461309e-07
2,0.0004565050664478464,0.0677965001581329,0.9317274960198516,1.949728181617167e-05,1.4737516159604523e-09
1,0.004414610552417294,0.04584598793446164,0.20038736562866855,0.23679242944301843,0.5125596064414341
4,0.08270679270645748,0.26361061022803706,0.20890068597818515,0.1591786218923758,0.28560328919494443
1,0.000595945661378438,0.005760918599432093,0.29748440182774666,7.279980560174038e-08,0.6961586611116372
4,0.03498925662289847,0.14935939221277392,0.1428764862230511,0.03928372770410951,0.6334911372371671
4,0.049232874658765496,0.2147013399213498,0.2595764491945686,0.15638610123137384,0.3201032349939422
4,0.018708303292694815,0.0834995076846698,0.23243096512515252,0.023431798420510425,0.6419294254769724
1,0.15950885646945745,0.27456396949717304,0.2216847047322028,0.1403994773133532,0.20384299198781353
1,0.005969213163849472,0.09514719058503691,0.7917016797164108,0.10038486002042492,0.0067970565142779875
3,1.5406766871002794e-05,1.3978387151075805e-05,0.9670827771485958,0.009271791944017348,0.023616045753364765
3,0.01954310630891752,0.19008833277870976,0.23122152840612398,0.04278068738815596,0.5163663451180928
1,0.00015032256367321855,0.03503081320129849,0.9120443596578955,0.04305540943246939,0.009719095144663467
2,0.01717600248184205,0.551996151951011,0.32046682051969155,0.10481637507848618,0.005544649968969137
1,1.355098682968937e-14,0.9758212829939823,0.02307825221726492,1.9184247387167357e-09,0.001100462870314254
1,0.3955549862175944,0.35427987281435447,0.22751583003221845,0.022616813687911647,3.249724792103715e-05
2,0.002621418155060588,0.3196475982786189,0.4353970196274334,0.1562618359930752,0.0860721279458118
4,0.09916926595916699,0.8818904073546503,0.01851480734916268,5.653876894999884e-06,0.0004198654601249736
3,0.045192239556225935,0.1343669242331924,0.16785126645236265,0.268974023117151,0.383615546641068
4,0.027859354347717438,0.04280864823742956,0.11698213900415262,0.26319399550108163,0.5491558629096187
2,0.055677795462050976,0.4924719278703482,0.19939559678280902,0.10360876856120478,0.14884591132358685
2,5.175789701328291e-50,1.3605538659589333e-49,2.564241233697285e-13,1.0859469832441167e-06,0.9999989140527603
1,0.08630825337199895,0.49328728474406097,0.35060872092182954,0.054743827785971734,0.01505191317613901
2,0.007587935338576249,0.35658320444438657,0.47046072699917274,0.12860532806814437,0.0367628051497201
1,0.0392732900091909,0.35481599107069556,0.2750408844938416,0.10562186642011125,0.2252479680061607
2,0.04386285681094605,0.35178462413385925,0.2652408966899337,0.11910900926757374,0.2200026130976873
3,0.07232867444598118,0.6354738472799522,0.14001283098347647,0.0841595757091582,0.06802507158143212
4,0.2954408986840911,0.02523804565922226,0.4483928709667664,0.21847320569228637,0.012454978997634019
4,0.003622376415575366,0.008901366404002395,0.012068323428578559,0.07539553409018941,0.9000123996616544
2,0.021009995775901163,0.0067142532105306995,0.885603735133014,0.0866412475517873,3.0768328766860437e-05
2,0.005786768982670138,0.35416887294984145,0.4585177505104698,0.18091481532368922,0.0006117922333293412
4,0.09890483180646827,0.44713768117004987,0.13619042191125194,0.2712572583314389,0.04650980678079108
1,0.05537669072675606,0.3320743343731946,0.28103149963143514,0.12294313445941639,0.20857434080919773
2,0.04554680116105956,0.05436211435002501,0.20424698134329158,0.230312770869941,0.46553133227568294
3,0.0003954865422429556,0.009821612145070572,0.7453530144837069,0.011191863167480639,0.23323802366149884
2,0.0873504354955586,0.3140985809783895,0.2917569593513605,0.1876148801210348,0.11917914405365666
0,0.0304815487945275,0.17018201647702003,0.3387507232878836,0.09534389840333589,0.36524181303723297
1,0.0045102879463262,0.37270681732015026,0.45366760198097167,0.07069013976628892,0.09842515298626292
2,0.0003890524055831985,0.24081780004633893,0.6456585276323725,0.1105853452856094,0.0025492746300959926
3,0.03806664762226615,0.10967953016482677,0.2876610633585103,0.05098331687585748,0.5136094419785393
1,4.23512229089025e-06,0.008320310827525396,0.013656438357789874,0.025639301436491815,0.952379714255902
4,0.027427006807054306,0.17924814236400702,0.2694235518842072,0.041109743806678506,0.48279155513805283
2,0.017106733636947577,0.9274330400095352,0.0404519196288923,0.013237716854093431,0.0017705898705314604
3,0.03050045289170047,0.42584231089294855,0.23843214709275518,0.2630648737694339,0.042160215353161924
2,6.357771268755027e-06,0.518848408323259,0.481145228254181,5.640890555107658e-09,1.0400815567067403e-11
4,0.008474848450853972,0.07994060215384936,0.025865658615280923,0.12496903738622568,0.7607498533937901
2,0.004516562976802208,9.865180629516298e-09,0.2662181194318217,0.002383859495544345,0.726881448230651
1,0.024622006075550613,0.1971565222139636,0.40788257422763213,0.27336817680236614,0.09697072068048751
3,0.0011041321746106212,0.13349901127924252,0.48898790147799714,0.36511878028412664,0.01129017478402307
4,3.014814103563885e-12,0.0008573939789094105,0.00040138798242313894,0.9910855257997403,0.0076556922359123005
4,0.0016245589729573153,0.16310736394756228,0.303135375532713,0.39609886613648476,0.13603383541028266
4,0.005404868300544646,0.07973879332594845,0.35230409380732847,0.01621212833256582,0.5463401162336127
4,0.042954280231345225,0.11258129333520298,0.5381034239563921,0.19485342018294946,0.1115075822941103
1,0.051921333655633596,0.34830080309493533,0.36965296453108726,0.08498928121792593,0.1451356175004178
3,0.008353429306623505,0.2835061221337604,0.5594586297731018,0.1485316616155407,0.00015015717097364395
1,0.00919498167610644,0.3615711389957678,0.3706503812084112,0.17753423726994635,0.08104926084976823
2,0.008750545010352613,0.336205382345663,0.4437208101703757,0.15224335032002206,0.05907991215358668
2,0.046512811123281005,0.12819682671521027,0.5600316181766561,0.2521777904025107,0.013080953582341976
3,0.029725230712999005,0.20896140639933097,0.39469119158360016,0.2718608053655821,0.0947613659384879
1,0.0013772170384325178,0.146279828345288,0.7175880107441394,0.1306677383517946,0.004087205520345726
2,0.0004111901510572029,0.9181797533071907,0.06724824151364268,0.013632663417045525,0.0005281516110638446
1,0.06414075493901511,0.23138335574236105,0.1811166134364276,0.07256917704848222,0.45079009883371396
4,0.010340114710013348,0.10357809121337057,0.26748013022018297,0.018422766772244584,0.6001788970841886
4,0.0001512367167564998,0.0005434911264768491,0.0010748468661543524,0.0016360496448261095,0.9965943756457861
3,0.006488977394296994,0.2955990747060045,0.42816324216537616,0.19264963868398616,0.07709906705033619
3,7.582848142176e-10,0.00029634735697529717,0.0012548139728433424,0.996942519564518,0.0015063183473786232
1,0.08017024322496112,0.7628779641646114,0.06829618400509277,0.0650119521743361,0.02364365643099867
3,0.0005604702922748511,0.2580681911214139,0.5335033930158949,0.09768858143776409,0.1101793641326523
4,5.390287395639853e-06,0.5360521780302958,0.4637187418816908,0.00022306773138710916,6.220692305832307e-07
2,0.023426326292697437,0.19882373793934582,0.4399661659950183,0.24565446043822814,0.09212930933471027
2,0.08240656615140662,0.332635286005359,0.1718957655485879,0.10989696976612455,0.3031654125285218
3,0.025418277893729514,0.36634108408457117,0.28739323326814203,0.1695068507333094,0.15134055402024793
3,9.311369377670606e-05,0.6848698505646829,0.30932518680864546,0.005710795964860282,1.0529680345493125e-06
4,0.0003049258516630552,0.0033352316807439115,0.005757118467558632,0.02136308172998991,0.9692396422700446
3,0.00048024441167312165,0.02074539625510038,0.1593191644802714,0.7754030932416568,0.0440521016112983
2,0.25654950602153825,0.11457755074653352,0.38691810588924797,0.23562254572531383,0.006332291617366272
2,0.0038753782990832942,0.15330508943516324,0.5169438310952195,0.22964341044911626,0.09623229072141766
3,0.1308212658776154,0.43042786397026384,0.0993360306999452,0.14616636299529054,0.19324847645688512
3,0.04827515330821082,0.38961757669166475,0.29675056538797395,0.24564235039445265,0.01971435421769789
1,0.026134588049429107,0.19566407657153084,0.4082472891695552,0.2831228334631796,0.08683121274630508
1,0.0009452877720116009,0.1136368085830604,0.7837937162722878,0.101610433340345,1.375403229513523e-05
1,0.12527084276110265,0.4117804147339293,0.3599995413222752,0.07602565102284184,0.026923550159851033
0,0.047809549289781934,0.16557406622750018,0.6909616691915159,0.09522165432309505,0.0004330609681068932
1,0.0851634196459691,0.4313572007501711,0.33790094597820913,0.11987553426235198,0.02570289936329867
1,0.0012904219438315868,0.18262505366462944,0.5960267786263308,0.1720769990652607,0.047980746699947396
2,0.02146978467260903,0.3251515679251027,0.3182377229385104,0.1968011112442028,0.1383398132195749
4,0.07245837463174017,0.19244916279711466,0.20538354256500332,0.07705247277734269,0.4526564472287993
1,0.06805458624007507,0.13880868902241933,0.1878537288267306,0.18683287766933301,0.41845011824144196
2,0.007688518217710718,0.27427576668885184,0.36694386582170413,0.35087826489962565,0.00021358437210767956
2,0.05613679464861071,0.16932909769783047,0.256170517586934,0.06837645552387747,0.4499871345427473
2,0.00031839731546746866,0.2563383995588827,0.6500080481516111,0.09150817536283583,0.0018269796112030487
3,0.023246114236329184,0.35215265992131023,0.3473855290654102,0.14450277829983973,0.13271291847711067
2,0.0625429840729801,0.1768929319532354,0.2646515044555128,0.08401437182476428,0.41189820769350743
1,0.004011287760806563,0.3207540171117791,0.5060237410051653,0.16854225365133152,0.00066870047091762
1,0.48244235497711335,0.125592133354379,0.30070931263323536,0.08410455553507717,0.007151643500195024
3,0.00025862849351280176,0.0725571319791721,0.04814246140699253,0.3074402709620928,0.5716015071582298
4,1.0736510700598227e-08,0.0005838074979757796,0.00898581205871773,0.00013395772774797387,0.9902964119790479
4,0.10689650773429045,0.4257461230901551,0.4013619270757226,0.05992177121699639,0.006073670882835587
1,4.782684633642146e-08,0.0003768817022945561,0.010473533329226759,0.9860731124200233,0.0030764247216091213
2,0.004465637704561839,0.23286486479414642,0.31615547742918904,0.19883095438128234,0.24768306569082038
2,0.0312160290743037,0.25180083660523117,0.3808468629502457,0.22082513967597542,0.11531113169424391
2,0.00012813810778077654,0.8617525868763483,0.13506236349194461,0.003052560724854416,4.350799072056449e-06
2,2.5268200081465362e-05,7.609058866900155e-10,0.9999747062177253,2.3461188975312965e-08,1.3600982818398874e-09
2,0.045067081082721616,0.3903071025379458,0.20319791420832914,0.16491716770042036,0.19651073447058304
4,0.00020806362950362845,0.0022048068766994475,0.5708649629231035,0.020511512759234553,0.40621065381145893
2,0.0009039365870429474,0.016808554987169426,0.31460165934278556,0.1358374754170634,0.5318483736659386
2,0.007674590426137063,0.34872463133373544,0.4591254355531522,0.13892531462249566,0.045550028064479595
3,0.007547453559944407,0.24246980213320202,0.666749254445713,0.08320570000914689,2.778985199367083e-05
1,0.0880846653633769,0.33176604838561374,0.2740016353157968,0.16984042152471,0.13630722941050244
4,0.000502742065206196,0.030282277785203225,0.09524086652660277,0.685346863267462,0.18862725035552597
2,0.0670548254568192,0.3825385430547726,0.20338480077767507,0.13625108153465404,0.21077074917607902
4,0.007727027703255889,0.12662920400968775,0.3360484838099319,0.03235644688440324,0.49723883759272125
0,0.03628216647266452,0.4947237626400701,0.37352348111823613,0.04122475189816014,0.05424583787086904
1,0.06259058089799446,0.3253471448055261,0.20515111639160205,0.11583751103776464,0.2910736468671127
3,0.036526179763901497,0.019507153328813042,0.9225951007136137,0.01439553678482371,0.006976029408848048
2,0.017417255394953472,0.37928533104298784,0.34285615059808544,0.14873265234231625,0.1117086106216569
3,0.05537445218782807,0.24297517363642337,0.32852101757804403,0.21270772577355337,0.16042163082415106
3,2.6785951664277354e-09,1.5475638253877277e-07,0.0013626640002497683,0.9976087508430255,0.001028427721747168
4,0.0976709346859439,0.4017376769888165,0.1473248264039069,0.2229323699191894,0.13033419200214325
2,1.1609492090792066e-14,0.013907964882270486,0.9857485352865231,8.59917264605322e-05,0.00025750810473422513
3,0.007389188643469872,0.20283751887035478,0.35364309004615735,0.24981649132630565,0.18631371111371225
3,1.025567889094198e-21,1.2777540339194222e-31,9.556419182983587e-05,3.607398785090115e-12,0.9999044358045628
2,1.931736581431708e-30,1.1775407808125435e-53,3.951131998421204e-08,2.5930317329493854e-09,0.9999999578956482
2,0.07282394720082098,0.051727080999469814,0.13847217438206236,0.3609103015835144,0.37606649583413254
3,0.009644852230450786,0.15896270738253215,0.31348612891518823,0.21781811800071568,0.30008819347111315
2,0.05001245315008339,0.03873696908100536,0.8463448173066394,0.06489413539281061,1.1625069461276801e-05
4,7.044084458229357e-05,7.564333526696535e-10,0.0006702145023092407,1.2209096605269748e-05,0.9992471348000699
4,0.0015463157308852331,0.08079805983817884,0.120423800270797,0.24600750713568925,0.5512243170244496
2,0.08556237499089575,0.3289367634078955,0.17158336813884695,0.11169569650758313,0.3022217969547786
1,0.06662564618117596,0.7483272110524843,0.1680650524790866,0.01687078599759672,0.00011130428965634053
1,0.0287509249287226,0.387119676604767,0.20039798169656525,0.09351047534531938,0.2902209414246256
1,0.016939448044978017,0.23004583815546292,0.4210048717452966,0.23011668205628394,0.10189315999797838
3,0.3410073235959146,0.2557365690895963,0.3113057076842355,0.09114501798606103,0.0008053816441926137
1,0.039095182117069215,0.23275913087337594,0.22089696640974268,0.15527928755848755,0.3519694330413246
4,2.3916637103803955e-15,2.5190960797842633e-19,1.2521565153264443e-06,6.21143251436392e-08,0.9999986857291572
2,0.3111147859925789,0.5639821430018289,0.11634429558682104,0.008558569928426995,2.0549034412159015e-07
0,0.05660255393887977,0.4079780197948691,0.2756614390477641,0.1405359818902952,0.1192220053281918
1,2.1565140538770175e-10,8.03804573026153e-07,0.0007224530601103017,6.66036568017672e-05,0.9992101392628635
1,0.10422163746401844,0.4463058337720826,0.32867124274544607,0.07561280668370933,0.04518847933474334
2,0.003986210870974309,0.041426099995248204,0.4275614789009332,0.07724342589784432,0.44978278433499996
2,2.5630105907495275e-10,6.66373413997161e-06,0.44959624584524477,0.0010249071798065592,0.5493721829845076
2,0.0014892104733923433,0.3070863781226939,0.4624980016603277,0.22811194895096643,0.0008144607926195714
1,0.00834981191733563,0.47979879609038345,0.4054583177002349,0.10415062678574326,0.0022424475063027092
2,0.008912106662499385,0.33767450893490963,0.2800120734823176,0.15330998716451064,0.2200913237557627
1,0.03584886504619293,0.3263447223293364,0.27009276946611466,0.11640409031247674,0.2513095528458792
3,0.00014608470130978893,0.0017217353062283906,0.18742665363019118,0.7683645980003807,0.042340928361889865
1,0.05897081847326748,0.1946203207377917,0.43146679950824735,0.2554426314705021,0.05949942981019143
1,0.024762894384447308,0.4125425834304577,0.4771296165140485,0.08206991952247018,0.0034949861485763806
0,0.033690294981798166,0.29349626006230606,0.2872038053512753,0.09232824914894384,0.2932813904556766
4,0.00012605932240510587,0.0007189423973714847,0.4136042928321451,0.014408984349573335,0.5711417210985049
1,0.16086182126353818,0.2229994220574273,0.3907185132803552,0.2242172986410585,0.0012029447576208452
4,0.10555890738535645,0.37308501648108605,0.22970336469573277,0.10368468146017722,0.18796802997764755
0,0.05151654793026391,0.21738802334761395,0.29284185040253924,0.10938757543904187,0.3288660028805411
2,0.006275875029472644,0.11926280901049084,0.2386163564284563,0.15087183472665158,0.4849731248049285
3,2.226514067200398e-07,0.07976818407169613,0.07731069461858744,0.8333989323667986,0.009521966291511027
2,0.023887031791542838,0.11869431987897634,0.3460152193458897,0.04196456208154653,0.46943886690204467
2,0.009795034303496191,0.16085377754441446,0.28464495040013366,0.07843580248735671,0.46627043526459894
3,3.372999161672372e-05,0.2772543434027199,0.28471622762465176,0.4015953469737856,0.03640035200722594
2,0.021133844555824486,0.017573362159580778,0.0863543560007977,0.20570768365276565,0.6692307536310313
4,0.0513733374578798,0.208849589115812,0.27466534152338967,0.08516042847186035,0.37995130343105815
3,0.0019293308961747687,0.21491218041736498,0.5594763468695533,0.07487760772046098,0.1488045340964459
1,0.023343687950104657,0.19609693255612426,0.4407455320844528,0.24893466338865097,0.09087918402066719
4,0.05059341344986594,0.07731225728040672,0.15657764113918157,0.2018506217941382,0.5136660663364077
1,0.05210304314340747,0.25891796727968913,0.23824705898707324,0.12923279961380765,0.32149913097602245
