target,prediction_0,prediction_1,prediction_2,prediction_3,prediction_4
4,5.876465024182263e-40,2.48469030595979e-21,5.773450322764067e-16,3.5058318963624267e-15,0.999999999999996
1,0.0005772641560651772,0.9925917438797794,0.006830815415470881,1.0256711760528242e-07,7.398156696317717e-08
2,1.4698033599230007e-38,3.074048764372816e-11,0.021180509287865797,0.44136894404505306,0.5374505466363406
2,2.5853273182964788e-15,0.013782269756051267,0.9836771876155128,0.0025404935023419085,4.9126091264044454e-08
1,4.524613061992746e-06,0.999952230943418,4.324444351927546e-05,7.654680597464922e-16,1.22760873489436e-21
1,4.273600920252242e-08,0.9999904738831228,9.483380503431657e-06,3.6444940236250683e-13,7.602088855341936e-20
4,4.6539892765665685e-43,8.184027165510075e-38,3.0882314649459558e-21,6.639098685662463e-23,1.0
4,3.089644796184594e-35,1.9324502355883248e-10,0.00468305660855562,0.0020497857831457433,0.9932671574150537
3,4.0221106763432346e-26,1.4771627314864663e-10,0.002374200314518306,0.9972671425526523,0.0003586569851132336
1,0.0005150934022845557,0.9993439420778445,0.0001409644533377145,6.561073011499932e-11,9.224313359333964e-13
3,9.86659233669331e-22,7.807703753332985e-07,0.17633366898698644,0.8234433273701902,0.00022222287244805887
3,6.318832459077231e-11,0.0001362995269497077,0.1472907734531553,0.8523794903138174,0.0001934366428893058
4,7.730295547203512e-27,1.6620730631727218e-17,6.177118657019455e-18,1.5138458888550114e-23,1.0
3,7.281642313125994e-24,3.995601487817832e-07,0.10962795341693876,0.8903656108451115,6.036177800970946e-06
2,0.012018480917083928,0.5812222224500109,0.013537181754869829,0.0014158877125836854,0.39180622716545177
2,1.5622247631910352e-25,3.2715286775150715e-06,0.6558775889089976,0.3441191395616689,6.559014990187347e-13
4,5.256848029188062e-26,4.6436158484941355e-22,7.584394059028007e-13,3.159208825551046e-16,0.9999999999992413
4,1.0126659660792743e-35,4.5503061498821735e-14,0.0003272066864730637,0.11704986865421774,0.8826229246592637
2,5.339115940631214e-36,1.4205862417962678e-17,2.0966405660105712e-11,0.0022137174150731577,0.9977862825639604
1,1.5759828430283199e-06,0.9997377366404695,0.0002606872937372637,8.295040892187188e-11,1.9998759951840394e-18
4,4.0619240359229177e-54,3.2819425471366065e-24,6.727659982685053e-13,0.001291714253258038,0.9987082857460692
1,5.2706126039975104e-11,0.9999980787692756,1.92117793483975e-06,8.338754977460971e-14,2.1704645673120837e-20
0,0.004466072364964375,0.9955339253175145,2.3175211570674093e-09,2.295591001686154e-17,3.030143997005073e-19
2,1.5052786055001816e-06,0.01848193099714846,0.9653396505974056,0.01613923478449774,3.767834234270568e-05
2,1.485255011632447e-23,7.042999356268224e-10,0.9940278884464747,0.005967104233279694,5.006615945676881e-06
1,2.752175694968625e-08,0.999999533488263,1.8356390396487922e-07,4.542709344640412e-15,2.5542607174850284e-07
4,7.83935645117651e-21,5.396556372651821e-08,0.14178981172673955,0.7834661255875305,0.07474400872016619
2,3.947042563574484e-06,0.997275494671188,0.0027205582861335683,1.1496332674911298e-13,8.867658993783497e-17
1,3.1290095131047146e-12,0.07930328805665728,0.9206967118258689,1.1434493795569185e-10,8.473239837712952e-18
4,1.1635861910558323e-38,5.408047393923876e-09,0.006235227872701796,0.0004142245187156362,0.9933505422005351
0,0.0002059811116355352,0.9997940182464743,6.418902763421904e-10,1.0491393069066975e-26,1.077898412030604e-26
1,4.5684422380762065e-10,0.9998484365600361,0.0001515629830228217,9.70656081200488e-14,5.4495776083022293e-17
1,4.546208465034989e-07,0.9998141540598479,0.00018539131804740084,1.2490804868143352e-12,9.386206867101154e-15
3,1.9550383329326026e-20,2.1570009597346666e-08,0.02207835791696363,0.9779108876722893,1.0732840737418745e-05
2,3.204287876301202e-10,0.0015645029184486337,0.9983336392631892,0.0001000109302718085,1.8465676616925798e-06
2,9.841904940753637e-22,2.4493621808622966e-09,0.9999999974806417,6.999594328484777e-11,3.2712912491004078e-21
2,9.470345110115006e-14,0.019552786788797814,0.9797645150421352,0.0006826882606305625,9.90834161739331e-09
1,5.421412454745039e-12,0.004498751784691843,0.07399359345854532,0.9215076547513416,9.822331764154757e-30
3,1.639183587130064e-23,7.0563742596796094e-09,0.032753949216339506,0.9671503527448846,9.569098240174496e-05
3,4.006533264434958e-17,5.48287317952e-06,0.006488232488130884,0.9172017438298096,0.0763045408088799
1,8.888822303258858e-07,0.9999968428518695,2.268265899586298e-06,4.350213072520967e-16,6.868210972407994e-18
1,0.5708186789688017,0.4282109526558192,0.0009703121892472858,1.0927124588071697e-08,4.525900709302313e-08
4,3.1493413652966773e-21,1.0100307410398745e-08,0.09247957754343447,0.5307585989232099,0.3767618134330482
1,1.0454105154820815e-05,0.7924972186097872,0.20749232148628052,5.792009171028555e-09,6.768298810923783e-12
4,9.56615934896341e-34,3.5432781683304394e-08,0.034037207669187504,0.013887277929897909,0.9520754789681329
4,1.6862726359925785e-35,4.731671612120675e-12,4.609033934783311e-06,4.382100118989767e-08,0.9999953471403323
1,0.0002900717162334145,0.995055658852039,0.004654092152687328,1.702915399856296e-07,6.987500620468082e-09
2,1.0463646252796506e-19,0.00044891123097409795,0.996680766851127,0.0028703218912664,2.6632376272683848e-11
2,9.579609911760706e-17,8.71079270059453e-05,0.9989858009178986,0.0009270911512692531,3.8258445533411335e-12
3,1.434237548491004e-10,0.00010327433261904658,0.17361100337505522,0.06534401854106295,0.7609417036078391
4,1.4918230601796715e-47,2.6767499743567126e-40,6.772116548316149e-31,3.0518247305303996e-23,1.0
3,1.173435665757077e-36,1.0195887996553734e-15,5.151786454179039e-06,0.006458638111174246,0.9935362101023705
1,8.313204546265191e-08,0.9995321421701602,0.0004677746811504048,1.6644097888650536e-11,5.564099047239677e-20
4,5.047007967958564e-09,0.0003608517024278825,0.6714755521986293,0.2878876693249737,0.04027592172696101
2,1.9986801456421952e-10,0.006122019154855816,0.915329291385027,0.07854205303376495,6.63622648421751e-06
4,1.981187850417061e-32,1.40116124963535e-22,1.7195527221759766e-15,4.112773469257021e-14,0.9999999999999571
4,2.0552615148353826e-57,6.551984786791291e-27,3.2569829249558806e-16,0.003569621206277758,0.9964303787937219
0,0.1832865156164019,0.8167133178269502,1.6655664358780307e-07,4.329397128035557e-15,1.6820706367695367e-17
1,0.0024153227792084826,0.9408578581910904,0.056725639545634365,1.179368878943211e-06,1.1518807384790912e-10
0,0.8918916033588334,0.10810839608409548,5.570711224070801e-10,1.1698738620987874e-18,4.694475801495037e-19
1,0.0005703960708072465,0.9352976022937475,0.06390975662842942,0.00021419813508594072,8.046871930079903e-06
1,4.29205496391161e-06,0.9999936486939923,2.0592510429684644e-06,8.771877305901657e-16,1.4098538450776635e-17
3,1.2589234311519372e-19,2.733402296675516e-06,0.06471111271249702,0.9163351816247193,0.018950972260486983
1,0.00025706538914211887,0.34971077139955153,0.6500308358100084,1.3274012979219803e-06,7.294764107250203e-22
2,3.304191223019817e-17,1.2971995861116808e-07,0.9804403449107822,0.019559525369252612,6.558560689207844e-15
0,0.014641122300530966,0.9853588628513952,1.479362069096864e-08,4.063983722920326e-18,5.445313918360452e-11
1,9.655632606581593e-06,0.9999843953850539,5.9489723671621225e-06,9.972259469579347e-12,3.582169936939549e-17
4,1.4844695951861744e-22,1.1099549933760375e-07,0.0024937420853692496,0.133202256204148,0.8643038907149834
3,1.3089301297981897e-27,2.8652203670996154e-14,2.0013819759533238e-05,0.011557620439877053,0.9884223657403347
1,2.06261178491362e-05,0.9983578493117621,0.001617727338679837,3.797231708887022e-06,4.239845901413062e-24
0,2.4878919668093004e-05,0.9999751210757272,4.604964404468445e-12,5.623287993472688e-28,8.221325018093103e-25
4,2.807494015356896e-33,2.3789526418571832e-31,7.334329149354233e-18,9.821832340250826e-20,1.0
1,0.12516973906291573,0.5375261168928644,0.3304868959756771,0.006453188318825627,0.0003640597497171893
3,4.284214860317441e-27,5.9212330422538065e-08,0.23527205705929718,0.7647277950088751,8.871949732913485e-08
3,3.730255327236707e-15,0.0001392536387332036,0.9940231429287133,0.005837603432549709,3.0238871576507136e-20
3,2.2413180848517244e-15,0.005166401972361949,0.6082160961856258,0.38578685941779983,0.0008306424242101103
2,4.7923231423316915e-06,0.045347814565734765,0.9094495794621672,0.045191994075021294,5.819573934437096e-06
3,7.849858090576108e-18,7.007832712300343e-06,0.24737395607218562,0.7525707217975329,4.831429756923456e-05
0,0.978896790397465,0.021103209550607262,5.192770024901581e-11,3.4253996657066173e-19,2.281077739582743e-20
2,5.45358051622345e-14,0.005251767980008049,0.9917508721690381,0.0029973595257176784,3.251816539102625e-10
4,4.0259728245760536e-22,1.4450558233480678e-08,0.00013519526984045896,0.06690858658285623,0.9329562036967451
3,1.7084098827566534e-27,3.5676635504179557e-10,0.000568567638500087,0.5277726402586268,0.4716587917461067
4,2.4796456184898645e-25,1.5282879837045099e-06,0.40275653374310083,0.2972260184215866,0.3000159195473287
3,1.276456498057041e-13,0.000770946737912055,0.17386230313612844,0.8229281282378824,0.002438621887949366
3,9.49549497122385e-10,0.18618444541851634,0.8137680189992839,4.7534631710582243e-05,9.397249337758123e-13
4,4.6590554251322064e-23,1.8450217487289248e-10,1.4801555048330083e-05,0.9999851594864538,3.877399578014699e-08
0,0.04217648150202473,0.9578229505740649,5.675406737948967e-07,4.621917345134909e-15,3.8323191958750023e-10
2,1.7409310196628343e-23,2.2969095053556887e-08,0.9999992371687033,7.398621941950815e-07,7.389258824295513e-15
1,4.551497390010295e-15,2.2234311138310044e-06,0.9990002789862182,0.000997497537814847,4.4848546859788873e-11
2,1.1192959591522984e-16,1.6278489225934404e-05,0.796144283235216,0.20344882440002615,0.0003906138755317964
1,2.931296161876868e-06,0.9993458432641457,0.0006512215105716838,3.929119697300411e-09,1.1159680053243404e-15
4,2.5106704362152342e-45,4.820070788763276e-25,3.702494361503044e-21,2.1020430461423595e-21,1.0
2,9.658687328446755e-18,0.005895095136818937,0.9914508079552246,0.0026540969077725354,1.8388023888619732e-13
4,2.369528651225538e-36,6.464418833122771e-19,4.492394050488807e-07,1.497096727482449e-05,0.9999845797933202
1,2.8127458053475135e-09,0.999988244406025,1.175278122919518e-05,5.239470754277002e-19,9.142139635160287e-28
2,8.073029780570557e-16,7.08407001447438e-05,0.9998689971405066,6.0162159345280214e-05,2.733026486948626e-15
2,1.300081125019918e-41,2.137736135825114e-20,1.6686448235678558e-13,0.00012523407031238452,0.9998747659295207
2,9.623548345503418e-14,2.6111735970071427e-05,0.9980540321545616,0.0019198561085949132,7.772240049065479e-13
0,0.9380923279114374,0.06190766976830088,2.320260679875889e-09,1.0060107690102685e-15,6.328284609017698e-29
2,1.7680229187007013e-15,8.812233824453902e-05,0.041906515379255986,0.9564883561992988,0.0015170060831988712
2,1.5957074681594567e-05,0.6964345325981436,0.30349371557893434,5.471562856409243e-05,1.079119676531383e-06
2,3.513298186923852e-12,0.00031124526703601464,0.9996884200795182,3.346499233537916e-07,9.044278732161649e-15
1,4.552090306359718e-05,0.9975442295069913,0.002410246907746889,2.6229297232265265e-09,5.926837986061405e-11
1,0.0008734029445384238,0.999102961827676,2.3634049331007064e-05,1.1784546537102502e-09,9.653057721347547e-18
1,0.027032325506656563,0.9729665609453896,1.1092344988120137e-06,3.619490206930343e-15,4.313451410176071e-09
3,7.210585200961008e-18,3.3803947045384397e-05,0.7789004228381924,0.221027206444841,3.856676992115628e-05
1,0.004488620863919089,0.9952892357165642,0.00022214142801392741,1.687286688405508e-09,3.042158408340376e-10
4,3.835466268909227e-39,6.957339037030873e-21,8.422664177162312e-16,2.3233661412295246e-14,0.999999999999976
2,1.6776693658582473e-09,0.1501747577681972,0.8453047092489143,0.004520529446213717,1.8590055564631015e-09
3,6.737843947036841e-16,1.2156335889404244e-05,0.09796771457589461,0.6789147200982092,0.22310540899000614
2,4.394792741248258e-33,1.3737164475694675e-09,0.00019317129800068013,0.9998068273282824,3.835200836469505e-16
3,2.2224212992861352e-30,1.6383579837720993e-12,0.0007695622720310434,0.7890711104184215,0.2101593273079092
2,1.1805653573026305e-06,0.14778696485486317,0.8452695165591956,0.006896316920051642,4.602110053241203e-05
4,8.871328519727466e-58,4.092733026682406e-27,1.2954651676519598e-16,0.0006733633624150458,0.9993266366375848
4,4.502688661608627e-18,5.16251690730054e-05,0.04632408360321616,0.9518409655656559,0.0017833256620550858
1,1.4952605909535695e-10,0.9996203160536379,0.00037968379569716307,1.1387571275358157e-12,1.213647415800371e-16
4,5.651798537810491e-69,5.0258362681675e-50,1.1275915048552727e-33,1.9462943891071003e-28,1.0
1,0.0011967116299913864,0.9817110751140642,0.017082163459987424,1.0019323085776628e-05,3.04728711399315e-08
2,6.396964941201595e-18,4.690592908173697e-05,0.9761004751245833,0.02385260062002449,1.8326310401760758e-08
3,3.19457111795012e-21,4.7367085851163166e-08,0.00016797790602230103,0.9991476239855793,0.0006843507413124033
1,2.5502678773463452e-06,0.9999710448058925,2.6404926143168686e-05,8.697411206384391e-14,1.5338322558006855e-20
1,0.0004554159665762763,0.9994098788782855,0.00013348364837888842,3.096561543099514e-12,1.2215036626664794e-06
4,1.2945482446288755e-41,5.818802582202867e-22,3.994308706427553e-19,2.4594662258994957e-19,1.0
4,3.6007796247965065e-37,8.406774061509021e-11,0.0008006164218251085,0.8171969504317367,0.18200243306237057
4,1.6850656882763594e-40,4.8784958826643533e-17,2.5373766434128133e-09,2.703810061548773e-05,0.9999729593620078
1,0.001468769400434603,0.9983340280745385,0.00019718467550616914,1.78484535876072e-08,1.0670537404573027e-12
3,2.1894362354216375e-21,1.8844925498990127e-08,0.9644735724426542,0.0354271894348064,9.921927761382894e-05
2,9.849645032865851e-18,3.325772758984955e-06,0.9999963518930397,3.223171064396133e-07,1.7095013278004112e-11
1,1.2369723302657138e-05,0.9999747396208181,1.2890655827439517e-05,4.822897937302745e-14,3.8066353031447056e-15
1,6.204957139796023e-07,0.9998021471304201,0.00019723236858193094,5.284032479286793e-12,9.392495038249208e-28
1,1.7220963272079018e-14,0.997924347151994,0.0020756000587297645,5.278925895426105e-08,1.6642156807242353e-29
2,3.853278484697101e-15,0.0005890370107041081,0.7387600240789278,0.2606507377278891,2.0118247501114355e-07
2,5.241491287612004e-22,7.876337689063596e-10,0.9895503612838996,0.010449637928466536,2.025317175744816e-16
2,5.437294904007705e-13,0.1507308696481949,0.8487311589517377,0.0005379704398624313,9.596611529607467e-10
1,9.259601710215512e-07,0.7694860407927483,0.2305053782564018,7.607695913619842e-06,4.7294764991580786e-08
4,7.643254340328738e-49,2.9390369143401373e-37,5.075219077178541e-21,8.781828157007932e-22,1.0
2,6.640558462012514e-15,0.00041222962738357555,0.8903195298060771,0.10926799222971303,2.4833681979484086e-07
4,6.7950131819337e-39,6.973830595280009e-31,7.145289215297743e-22,4.8749779118687444e-17,1.0
1,1.0062556808369716e-13,0.9999454831808903,5.451681888438542e-05,1.24696243532431e-13,6.421232232669203e-20
2,1.0891390152871087e-18,5.6447058753437056e-05,0.9767544183100295,0.023189120708803204,1.3922413827544262e-08
1,0.33878462599974596,0.6611879232840931,2.7450716034202223e-05,1.2676475761116993e-13,3.9747473307094103e-19
3,2.3462898405379525e-21,5.2521048622809034e-05,0.22451167251896065,0.759900271311183,0.015535535121233625
3,5.375485011969558e-34,1.1455314517098844e-11,0.9999979494565557,2.622332285651589e-07,1.7882987605768413e-06
4,8.062149527915495e-32,1.2332720603786816e-11,9.506572586418305e-05,0.0034345386297572654,0.9964703956320458
4,2.2792530579407447e-36,1.1699500499206003e-22,5.523180674230837e-09,1.2476945475582569e-08,0.9999999819998738
2,1.3390097105053427e-06,0.9568421957209663,0.0431476692177736,8.796050826343389e-06,7.233174199506582e-13
0,0.0013874522691904188,0.9950070762706258,0.0036054623856895335,9.074494181967254e-09,5.445734232759176e-20
0,0.9589148616768928,0.041085137448467916,8.746390064679846e-10,3.430616178320498e-16,1.214625960817356e-28
1,0.007310710374744218,0.9926593966834345,2.9892941746059768e-05,7.547104318255759e-14,5.043741646235695e-18
0,0.9998700917953434,0.00012990820465655887,5.87564418513085e-18,1.1240900974724804e-34,1.9932210953199998e-39
2,2.8806579500672272e-33,2.989921845668611e-14,0.9999999976986682,2.301301896811163e-09,6.758568836598102e-30
1,0.0005622740707065653,0.9983742847017495,0.001063426496339526,2.0824316157451575e-09,1.2648772682384855e-08
0,2.23151805601486e-07,0.9745777546497982,6.12707130161253e-06,7.864175254461651e-12,0.025415895119230352
2,3.741017121571751e-21,2.9506178754578424e-08,0.9999980274532573,1.943040562622359e-06,1.3253764585686639e-15
4,1.3422872606428444e-27,5.444002726720518e-17,1.4966815656273803e-14,1.75262170631145e-21,0.9999999999999849
4,8.142504574283701e-46,4.934257801005107e-19,3.788248403147117e-05,0.9913916616919446,0.00857045582402399
2,0.0003106769468909648,0.8582370179492471,0.14145224793135078,5.717247276650021e-08,3.8453969666811604e-14
1,0.0019321292081335747,0.9036599152890556,0.09439846015839894,9.495344411916482e-06,5.206310676082347e-19
2,6.607459979795728e-17,0.00021437047394082617,0.9996123887068237,0.00017324042421848466,3.9501696390233585e-10
2,5.745107345163893e-29,3.5871975956430544e-13,3.3645716394611845e-06,0.7757917728638711,0.22420486256413075
2,3.2063998568745296e-16,1.7445614637876802e-05,0.99998170499673,8.49388626987607e-07,4.8114350287244096e-15
2,2.857613382629312e-17,2.6390856270103338e-05,0.9999735670533322,4.209039767918835e-08,1.6429560775652827e-17
2,9.456689008106513e-08,0.050217978288719094,0.6953960400451862,0.25438394063289566,1.946466308897344e-06
2,1.0671386026133432e-05,0.19972512864962227,0.6762617467297207,0.12400237793810492,7.5296525904453e-08
1,1.0279130665541195e-13,0.00530255274830712,0.907464776773338,0.0869405567445296,0.00029211373372251123
4,6.949950901720538e-39,4.1788005321768254e-27,1.0950534653209278e-18,7.42674651453822e-28,1.0
4,5.520397866949811e-21,3.1825012904678416e-08,0.1194838350687043,0.756216419630722,0.12429971347556072
1,1.388084257368637e-09,0.9967623729831634,0.003237624057704976,1.5710473598695967e-09,7.08848595991967e-19
1,1.0924944097128645e-08,0.2845660707475824,0.7141065875114634,0.0013273090815342455,2.1734475922823835e-08
1,0.002499995664350191,0.9974979030980414,2.101237581678188e-06,1.0367067602713912e-14,1.6143561014024095e-14
4,5.006365430315037e-39,3.666326110436387e-22,1.6774842869918244e-16,7.398087327061349e-14,0.9999999999999258
3,7.337657953160974e-15,4.3182466815169535e-07,0.926833998576548,0.05423358671682729,0.018931982881949333
4,1.23843297508798e-46,1.6431448072208092e-19,2.1461924218382716e-08,0.0015127289165499562,0.9984872496215259
2,2.4671898326646246e-19,5.960905064686164e-07,0.3470277288584789,0.6529716750510147,8.207481288042269e-24
2,5.678579299914225e-18,6.58474514456724e-09,0.9999994912662536,6.448988579773846e-08,4.3765911547444024e-07
1,0.0002736706260252659,0.999724773025884,1.556346167430017e-06,1.9231390776848963e-12,2.317586216724559e-16
1,3.38401788988312e-08,0.8407840928401284,0.15921587331618478,3.5079439271913997e-12,1.4136233998873613e-23
3,6.753833505557878e-12,0.0011647333572595586,0.07375905082952251,0.9231104443483131,0.0019657714581510226
3,1.1045203316441725e-22,4.3761953600933264e-10,0.012254555866679517,0.3331577574432993,0.6545876862524017
1,0.0026426973779610733,0.9870900554198208,0.010265846978006237,1.400121815798357e-06,1.0239596854141877e-10
2,9.897089154902002e-16,5.5552827815725405e-05,0.9999439138102351,5.333619396167678e-07,8.690279038200584e-15
1,3.2250877222574356e-34,4.964110531687648e-13,0.996721106743674,0.003278893255829625,1.782676654879975e-54
0,0.2719784867510522,0.7280215093916913,3.8572564308059084e-09,6.067915026302863e-17,8.762022202978197e-32
1,5.2515825858676706e-06,0.9999865962602937,8.152157071881408e-06,4.760011461539166e-14,1.0377110641929102e-15
1,3.660806121575738e-05,0.9999123645346606,5.102740411854575e-05,5.201996201632022e-15,6.486655261981139e-21
1,4.354608441667853e-07,0.9904065927027602,0.009592930007819068,4.182857625515721e-08,1.9749833015840695e-27
4,1.0437856015348447e-37,1.1801410881976399e-31,3.489572466599044e-23,1.0190296440323368e-15,0.9999999999999989
2,2.997960163973787e-16,7.669604587588995e-07,0.9214955157176608,0.07850371732187536,4.766010781928062e-15
3,1.5102074217886792e-31,1.1729547327429258e-13,0.0022756415757804738,0.9976648651148314,5.949330927098675e-05
2,5.588933562335754e-29,4.3351053665457285e-06,0.9999955961636451,6.872556312493367e-08,5.425202395105557e-12
3,1.686627560165789e-16,1.1453138086824102e-05,0.0128618935934244,0.9458533693427147,0.04127328392577406
1,2.6201535584051168e-05,0.9999563610792984,1.7437383616307874e-05,1.5011530640003187e-12,8.791144209626145e-18
2,1.0037720615121988e-17,0.0008361599004444889,0.9991636610265926,1.7907296179450377e-07,1.0698105012368947e-15
1,1.0856849766123677e-05,0.9999890090359626,1.341142666356549e-07,1.8003936258865552e-15,2.9326586753077067e-15
4,5.287952646529159e-41,6.505045498300623e-37,3.5858272072861584e-20,4.415015112294676e-23,1.0
1,7.589340058302986e-13,0.9107180321945645,0.08928196778202863,2.2644648977896927e-11,3.33115934059366e-15
3,7.037499104584416e-28,7.843647635811073e-13,2.4221974639731296e-06,0.9987252271882918,0.0012723506134598998
3,1.8498600999319042e-24,9.65006544597571e-11,4.221890258016171e-05,0.9999568994285553,8.815723638224297e-07
4,1.1430649281564932e-46,1.3696983271848692e-40,1.9350046548509669e-28,3.544317393507863e-33,1.0
4,2.315970610654392e-40,6.498807578248677e-32,1.0052116080105208e-22,1.10040261654146e-17,1.0
1,0.02901989958048402,0.9708922971834536,8.780285133236136e-05,3.3319774002722744e-10,5.1532423882385275e-11
2,1.770834362813615e-13,0.0011134865857055584,0.952290055123578,0.04659638124028189,7.705025745485064e-08
4,8.573738537221345e-32,1.0149019318644179e-17,2.1975641197592372e-14,1.0532619648671448e-13,0.9999999999998728
2,5.084336763611477e-19,8.141040970647367e-05,0.9991723232534327,0.0007462660595857728,2.7727510214112666e-10
2,2.336712614530373e-18,0.00020038046431887434,0.9995616449936837,0.0002379744999533854,4.204391119994789e-11
1,0.0034846359784374043,0.996084359652577,0.0004310022712423784,1.287122817162442e-09,8.106201633478955e-10
2,3.308192517553704e-05,0.9999657098605538,1.208214217028135e-06,4.757145542328303e-14,6.264066428784275e-15
2,1.934943163925106e-21,9.943315220730655e-11,0.9999999982939403,1.6066265462646503e-09,2.75591039512948e-20
2,4.688984031678584e-15,0.001022877772081461,0.9977177598448094,0.0012593531526432307,9.230461306105839e-09
1,3.7890651274617827e-07,0.3264767738606469,0.6735222393379532,5.969663887382184e-07,1.0928498430401063e-08
1,0.7761867975902169,0.22378961278785495,2.356685256301877e-05,5.928390678530743e-11,2.271008109113373e-08
1,0.0003912634251293722,0.9996043253297898,4.411245080240875e-06,3.3391228750126264e-16,4.4490618617574096e-21
1,0.0002627106954975268,0.9993764882818458,0.0003607948291634216,6.19344907468651e-09,4.42522603514883e-14
2,7.24171374961394e-18,2.3643462925002345e-06,0.9999490559612066,7.5245163100481875e-06,4.105517619087787e-05
1,0.06882051543891046,0.9310192707408577,0.00016021315813958487,6.57284878799753e-10,4.807526880448731e-12
2,1.175449399803737e-08,0.007036324154133382,0.7140777301662209,0.27876474552737535,0.00012118839777655286
2,0.0011038991511748255,0.5099611640276087,0.44422909166469476,0.04453834864240802,0.00016749651411364106
4,6.432494710964834e-16,1.631375846024506e-08,8.334855772788491e-11,8.803344628176931e-21,0.9999999836028923
1,0.0055422751867673,0.9941083707258581,0.0003493296543710346,2.4432899897835252e-08,1.0365446657370064e-13
2,4.3553790369638776e-21,0.0003253764636305762,0.984181213964053,0.015493409527728718,4.458780132197014e-11
4,3.949616475011227e-43,5.0474057050960955e-39,1.4199239490838592e-25,3.9085072785990637e-29,1.0
1,1.814696117753748e-07,0.9999809384443479,1.888008603705189e-05,3.1188448875280814e-15,5.653857732879796e-22
3,1.1773577437685832e-20,7.80238222547348e-07,0.6578223845299245,0.2574492230660952,0.08472761216575764
1,0.005809001735079134,0.9937204021373326,0.0004705893086711487,5.750978007496516e-09,1.06793938249563e-09
0,0.9295575187854122,0.07044248121392133,6.66576088331681e-13,8.326880828690061e-22,2.618159367557624e-25
4,3.5017460626873453e-28,5.1075558895832815e-09,0.3153823816050058,0.6845836001388831,3.4013148555133135e-05
2,3.856628772183893e-18,1.1446659470850177e-05,0.9999885024334232,5.090710599415573e-08,2.1337970029914746e-18
1,2.2309076627319472e-08,0.9999999622534134,1.543751003060765e-08,8.039496093620355e-20,1.109013128012787e-22
4,3.186865195124035e-20,6.950099538096803e-08,0.002977525314695578,0.5571240254142787,0.4398983797700302
1,3.260888477871191e-05,0.9999576832906863,9.707824534400355e-06,4.717408261662074e-16,1.9449796832511446e-21
4,3.4221464706680824e-44,2.650848195431262e-25,7.252075060673744e-23,2.70038531465314e-22,1.0
4,1.5015720904523283e-28,8.523733897272605e-22,5.157431178863029e-12,1.639956121435633e-13,0.9999999999946785
4,1.990899006627804e-40,1.1444537132759115e-31,6.829523186128334e-23,1.634082604615978e-17,1.0
1,0.0003788187731732972,0.9906568372982858,0.00896425946750633,8.446103459201636e-08,1.3528977801846471e-18
1,5.729893555857485e-10,0.927565298818944,0.07243470060805028,1.6429636791342193e-14,9.800714903309333e-21
3,2.070249453125968e-33,2.7544570721046682e-12,0.9655531920538601,0.03444680421918644,3.7241990273780306e-09
3,1.4077330675253053e-20,2.654648858791004e-05,0.4002317561996722,0.5971417123580518,0.002599984953688169
1,4.250543821430152e-10,0.9998949584356774,0.00010504113725369352,7.654110649754458e-23,2.0144999126392195e-12
2,4.192554769736339e-24,1.767565952844633e-11,0.9999915139404437,8.486041880546296e-06,8.842232195969e-18
1,6.617143912772999e-29,6.562375723448108e-09,0.044530954353656414,0.9554689848643689,5.421959894455189e-08
1,0.020276424004685264,0.9796672758635017,5.6300120536772485e-05,1.0155382170895016e-11,1.120870339160188e-12
2,1.1159724113609192e-14,0.4427248655346905,0.5572506169988511,2.4517377663675156e-05,8.878363416043794e-11
4,3.047954264089769e-40,4.892720293003215e-34,4.9955754208715895e-27,5.38885631654367e-32,1.0
3,2.5265668222410295e-21,7.325984935787132e-08,0.0002454133736237639,0.9019094559210968,0.09784505744542996
4,3.801735475202762e-28,7.430829615579244e-25,5.0640745726559603e-14,9.989358915305229e-16,0.9999999999999483
2,6.848110617281845e-27,5.079119210693651e-12,1.639152971323583e-05,0.9847333224291646,0.01525028603604318
2,1.4152212634154125e-46,1.456727146832251e-23,1.149388155789625e-16,3.935997358402737e-08,0.9999999606400263
1,0.003478209824448299,0.9965203233473067,1.4668269752406202e-06,1.1023133497565679e-12,1.6729495957662255e-13
2,2.692027303636593e-16,0.00015725657553131194,0.9887432141370844,0.011099522862746241,6.424637659030123e-09
1,3.514325628292969e-05,0.9999252779488058,3.9576119810966305e-05,4.6165874644750876e-11,2.6289343884237683e-09
2,3.1702619317377014e-13,0.007561147811196478,0.9923136594198783,0.00012503793016155405,1.548384467715596e-07
3,6.796519320017752e-19,2.2151852961906605e-07,0.34208828689104076,0.5470233511528094,0.11088814043762027
4,2.184234089837536e-24,2.1637114357593943e-20,2.3922490428885347e-11,1.727471354074775e-11,0.9999999999588027
4,5.534878199810123e-35,1.2394592590707713e-15,1.0636053190233531e-11,1.9043744987854591e-06,0.999998095614864
2,5.035644992604844e-20,1.5772896266871506e-08,0.9999047547982155,9.52294288883495e-05,4.078661997664039e-17
2,3.156824154772401e-20,7.497866114455358e-10,0.9998095821490043,0.00019041710120823926,9.469827923194587e-16
4,4.916474484319504e-43,5.503881228459662e-20,1.153266842578312e-11,0.17490858177514143,0.8250914182133259
1,7.690029611939848e-05,0.3089525899641306,0.5170829070699815,0.00012674860779206056,0.1737608540619764
2,1.6041162047534513e-08,0.0487243904343208,0.9504159523527674,0.0008574434662777611,2.19770547201849e-06
3,1.8471478344324114e-14,4.687562749639284e-05,0.2501654675805623,0.7492794052690585,0.0005082515228645458
2,2.640935019845872e-24,4.777758456666378e-10,0.9999869218431848,1.3077675215890135e-05,3.823620055380991e-12
0,0.00028721461485418817,0.9997127798007932,5.584352566210278e-09,4.927137535864951e-18,3.441694912497976e-20
1,8.065012660266148e-05,0.9740382654543563,0.02587967090214934,1.3980691303917015e-06,1.5447761634909696e-08
2,2.2739947712452204e-21,2.0570116059808544e-05,0.9997534675218237,0.00022596233105517203,3.106136640265441e-11
3,1.4860236885605583e-18,7.406413138074456e-07,0.1863867460203677,0.8113869714442119,0.0022255418941064652
1,0.3025541810746975,0.6970420743083191,0.00040207037851863715,9.174080750507955e-07,7.568303897171036e-07
4,1.5571739415036363e-31,1.9665454568161441e-25,6.804320414645315e-18,1.479851873303062e-12,0.9999999999985201
2,2.9863411638347137e-13,0.03355659447373896,0.9664433432512499,6.227471125203063e-08,1.280405514640515e-15
3,9.145411165638974e-36,5.454800112686468e-15,0.6198508024994265,0.3801491974997815,7.865631378847507e-13
2,0.0026182997831401093,0.9415925022294905,0.05578919798553507,1.8344068201651114e-12,2.68181227327063e-19
4,1.006492646486623e-31,1.092947839690901e-19,3.150687938826208e-27,2.4568771573238922e-14,0.9999999999999754
2,4.149111717931881e-14,0.003672272459159643,0.9963277259419705,1.598828356264474e-09,5.340074332154123e-17
1,7.46944228287938e-05,0.9997789921637951,0.00014631275205645135,6.613188762930847e-10,9.128614210528064e-16
3,1.674429130108409e-27,1.2218612179379997e-05,0.674023888978647,0.32556021965042903,0.00040367275874466713
4,2.161578263592112e-10,2.107743542150204e-05,0.9387283620169542,0.05036278800925695,0.010887772322209506
4,1.0882794468475682e-26,1.1124368910088521e-14,1.7511742203173584e-05,0.017762795278514633,0.9822196929792711
4,2.17794707797913e-50,1.0571000815504853e-35,7.351415091055556e-24,3.8293810412818314e-21,1.0
4,9.740404742352665e-38,5.432781204473445e-16,2.4955991217428184e-09,4.794886553151716e-05,0.9999520486388689
1,4.07939904553425e-18,5.194555548060669e-05,0.17860378821776232,0.8207429702618609,0.0006012959648960379
3,2.08540007833975e-37,4.607613740996994e-18,0.9999996505248183,3.494751815221136e-07,1.3523180867253825e-16
1,8.155766814467154e-09,0.999949240809959,5.0751034154353915e-05,1.18771004083909e-13,1.2044033641426314e-15
2,3.191914843462709e-20,0.00030592098710721985,0.9958268621134619,0.0038672168700766988,2.935427688786489e-11
2,1.3463936275145842e-08,0.0011574928085294747,0.9804334432700365,0.01840905045716289,3.349650013039254e-13
3,2.7243174616823213e-22,1.4530833679635547e-08,0.03204503881696066,0.9678947474534296,6.019919877599991e-05
1,2.0356003339260113e-09,0.9995664692950191,0.00043352866878905146,5.783986099450831e-13,1.3084607157921555e-14
2,4.110852596561047e-12,0.00041442626671370024,0.9995602487940737,2.5324924422608106e-05,1.0679248687287872e-11
1,2.8887704996140943e-05,0.9997085493257725,0.0002563434740674424,5.63345973870775e-09,6.2138617041987714e-06
4,3.905125129513265e-41,4.829774493006167e-31,1.0109679524339007e-20,9.72849517329924e-17,1.0
4,6.953169507974632e-43,1.0290786602899634e-37,3.295800185626559e-21,8.412796446495705e-23,1.0
3,1.2001258063207885e-05,0.9998882624544968,9.973628743664885e-05,3.4252818602893072e-15,2.254884287814239e-17
3,3.3713468304132904e-18,2.293714753341213e-09,0.0012455847609057005,0.9627171279083917,0.036037285036987894
1,3.3290051788404426e-07,0.9999985953481094,1.0717513727197263e-06,5.942656000511908e-19,4.9033454864926415e-25
3,6.188244709071608e-25,5.3707094792026643e-08,0.022337475583768324,0.977661557945918,9.127632188680369e-07
4,1.92878003369435e-40,8.509059219724325e-18,2.7400581151146306e-07,0.54222486072319,0.45777486527099853
2,1.1711096459725045e-13,0.0016288370827023627,0.7955531804238319,0.20281749027600204,4.922173465340171e-07
2,3.936011500063904e-09,0.05748948208201972,0.926517922288595,0.01596191221557267,3.067947780099844e-05
3,1.2651125847898979e-19,1.0955561001378577e-06,0.06231880814664432,0.9327853929568869,0.0048947033403686484
3,3.623542864039504e-20,3.4823639882882323e-07,0.8622721315219836,0.13772461067892305,2.9095626944717627e-06
4,9.647557274521685e-39,2.188422958133196e-26,3.765622706729474e-31,1.075203809997612e-20,1.0
3,1.4258985406409642e-20,1.00313314177809e-06,0.004468404598746463,0.99536984295045,0.0001607493176616882
2,2.999686078350904e-23,1.4007433473902586e-06,0.9989899219826425,0.0010086767848421353,4.891682102109065e-10
2,1.396476349965944e-07,0.9999271508221911,7.270953008073524e-05,7.467228896463227e-14,1.87571399543199e-14
3,1.7757757155350406e-34,1.6119255805283862e-16,4.1322099338089154e-07,0.9999990539425003,5.328365061530735e-07
3,2.0833607408212872e-40,1.1960135426446619e-17,0.0016614642134528434,0.9983384978860014,3.7900545917680114e-08
1,6.5668937141900035e-06,0.9996474512099067,0.00034597931968497446,2.57669376739865e-09,1.1339291593162683e-16
1,2.3839304116455936e-07,0.976446106747361,0.023553654858154444,1.4432634681072324e-12,5.102164974856473e-26
1,0.006329659353522633,0.9931642359287454,0.0005060925087339023,1.0915804753849243e-08,1.293193435066345e-09
0,0.9766707944600649,0.02332920553993514,4.053195383243555e-17,1.4244406736632817e-30,1.3154265043618997e-29
1,0.0003527783740352592,0.99806178717522,0.0015854339573064577,4.934383256369135e-10,1.712116169874963e-21
1,2.1284549485027123e-13,0.06780099561231019,0.9321988314161562,1.729713202014225e-07,3.5971422320283475e-16
2,7.04799424304824e-13,0.007270668683644789,0.9902394930932329,0.002489837396397835,8.260195205480862e-10
4,1.7052164909647445e-21,0.0012331228231256832,0.2258620803561478,0.6507206713432462,0.12218412547748034
1,4.2734375877333746e-17,3.150100533068523e-05,0.9896036813290562,0.010364572368477046,2.4529713596793286e-07
2,2.2344599570964496e-20,2.8499715723460507e-08,0.8875837389048629,0.11241623259542151,8.456297678274205e-18
2,2.094151430738674e-12,3.7311976931722e-05,0.14478431717376528,0.8542521260120156,0.0009262448351931292
2,1.5439484901645688e-25,1.661576264084929e-05,0.9999833705278132,1.3709545459992103e-08,3.6287858786868223e-16
3,9.993756077875396e-23,2.291501503290948e-07,0.04254575610994384,0.9535749865797837,0.003879028160122192
2,1.0721957547677082e-08,0.15255446464267444,0.8427722219236289,0.004600308693204798,7.299401853432093e-05
1,2.6513555670611338e-06,0.9998066622797884,0.00019068320824260383,3.1564017994601345e-09,2.6546877924517045e-27
1,0.17368902616200138,0.8228504797729534,0.0034604874652918584,3.1756507216787317e-10,6.2821881564836096e-09
3,1.461817190105961e-17,3.9129151566691e-06,0.008270062055272174,0.2634368161350588,0.7282892088945123
4,8.659855733857674e-40,5.690033032027805e-35,2.340893104130079e-25,2.251169916677901e-29,1.0
4,5.380432707512311e-29,7.660936115671349e-10,3.9298361061137764e-05,0.998662368437958,0.0012983324348872344
1,1.4052155676684807e-06,0.9991231619383452,0.0008753993655112673,3.3415055159738555e-08,6.552094548066186e-11
2,1.110013609433435e-09,0.018370426363656135,0.8022080988360015,0.17225105360249326,0.007170420087835417
2,3.587505284583554e-16,0.0009124781504326093,0.720524867149593,0.2785626403532782,1.4346696029367605e-08
2,4.809296766336684e-15,0.0006905577147907857,0.9984527922207173,0.000856650063348277,1.1386152305471192e-12
2,6.895724613117274e-18,0.007823764331036022,0.9921762356353633,3.360059913353111e-11,1.5574422350082882e-22
2,3.854699194567897e-16,0.000551739657842594,0.9930505129329393,0.006397638867443287,1.0854177450994313e-07
4,1.7384932124433804e-55,4.110671204181456e-22,5.16244222328774e-05,0.11505139669929929,0.8848969788784679
2,4.6392328253812955e-20,1.6428559988690696e-07,0.9441598816910931,0.05583992887233951,2.5150967471731267e-08
2,5.073671085252666e-18,5.2964601487529254e-05,0.9838540127980371,0.016093012566919918,1.003355556508646e-08
3,8.286390152872199e-44,2.5374984767432017e-21,0.9999999983245058,1.6754942274466775e-09,2.0092755221204818e-24
1,2.3790251766614027e-05,0.9982323487405733,0.0017438537475172981,7.260142031527743e-09,6.875696636459024e-16
4,1.456872737753541e-20,6.055166309670515e-11,4.28334734210036e-15,8.313499639839017e-09,0.9999999916259444
2,2.3777207795413744e-11,0.035393434275845216,0.961855410930679,0.002751153215047025,1.5546515034175478e-09
4,1.9241838759273597e-48,7.632742559626141e-26,2.530879190800468e-22,5.175152886128277e-23,1.0
0,0.001683011604595932,0.9983169883824035,1.3000542777588134e-11,6.99870895816103e-25,6.793767146303625e-27
1,0.0006132930686805204,0.9992605313279869,0.00012611048398333564,1.2042475272114271e-10,6.499892460258306e-08
3,1.955885904599927e-25,3.645663213606912e-08,0.6819729575515501,0.3180270055083355,4.834820873140209e-10
2,5.460419132094521e-11,0.11932047413884075,0.8691656051018076,0.01151391446792901,6.236818382985278e-09
3,7.375043737011187e-12,7.830313443078551e-05,0.2824624488900395,0.5244581703604521,0.19300107760770252
3,3.2210406807939057e-14,5.324571082354039e-06,0.0008291777062510839,0.9610633079335621,0.03810218978907205
4,9.255396602752569e-35,1.0316156069146427e-16,2.8600297721689224e-10,0.03162537969788909,0.9683746200161077
2,1.2702404003293717e-14,0.18494637323333415,0.8150536160856436,1.0681003763522794e-08,5.755420030576083e-15
3,1.6784358949470982e-16,1.1431012422875569e-05,0.012836852109959088,0.9460833217726545,0.041068395104963296
3,6.126178716810451e-14,8.327257320426244e-05,0.43573562132562865,0.562414229979977,0.0017668761211288354
2,1.0923445732641085e-62,8.636613941342001e-31,1.4112477533537283e-20,1.4301615684976015e-09,0.9999999985698385
2,1.1056861218220984e-05,0.9999888712461376,7.18925990451581e-08,4.516433236706558e-14,1.618406293832921e-17
3,3.0973626793930825e-21,5.675733090391352e-06,0.09995875219486598,0.13266996380775742,0.7673656082642862
2,6.76786359742351e-20,1.9044564239883426e-08,0.9999804070337226,1.9573921712666146e-05,4.14809989317438e-16
4,3.714822417615223e-49,2.230216256394071e-41,6.461121989366212e-30,4.042696911449921e-34,1.0
4,2.3362029375520335e-20,2.014959367849353e-13,1.470652346483867e-15,3.172943185470031e-10,0.9999999996825026
2,1.0373304615288098e-09,0.07806358265696471,0.9140136369526658,0.007913726134921749,9.053218117348869e-06
1,0.00013475293889985419,0.9984568681488615,0.001408304554375281,7.435615222713697e-08,1.7110767866903212e-12
1,0.00023555523449265753,0.9996951758163019,6.6700191174952e-05,1.294169778826149e-10,2.568628613610235e-06
1,3.2868909088013515e-08,0.9996068768146366,0.0003930898679227846,4.485316647899821e-10,3.7388278290554626e-18
3,3.8379257491982635e-28,1.4538016221057047e-11,0.00018790257603081053,0.9998100628475962,2.0345618351493985e-06
1,5.994129023153566e-09,0.05396002489210778,0.3004547153537689,0.6455559915866494,2.9262173344882633e-05
4,1.3503941813494702e-69,1.0172017732329827e-54,2.99421026955692e-36,8.099360426120169e-42,1.0
2,5.617197880266919e-10,0.03281859264856292,0.9671778193752489,3.5854657875254072e-06,1.9486806093960373e-09
0,0.9881980018544554,0.01180199806177945,8.376492349801622e-11,3.017099663939212e-18,1.207921032169332e-16
1,4.086499175899332e-11,0.003101460750213727,0.976826443939238,0.020069779991968295,2.3152777149394226e-06
1,0.00026685987668938877,0.9990545326176498,0.00067860609196835,1.317807993350839e-09,9.588481073667212e-11
2,6.645812741419645e-28,1.84770359488847e-17,2.0642338348580796e-09,1.423323871449536e-07,0.9999998556033791
2,1.5376604989037879e-28,3.5116894044716007e-12,0.9999999981254604,1.871027785956764e-09,1.5108985738154966e-16
2,1.1183266674323279e-05,0.9924297922539083,0.0075220849492198235,3.679988759899608e-05,1.396425986241013e-07
1,8.399319794579816e-08,0.7628162369759399,0.23718367901689916,1.3963079598508624e-11,1.9802309811687924e-23
2,5.387620654370682e-13,0.0045748615460417825,0.43943156385900783,0.5559910658365843,2.5087578272526975e-06
1,4.5727536426899764e-05,0.9842984059941571,0.015655320774837316,5.233336605022295e-07,2.2360918208693944e-08
