target,prediction_0,prediction_1,prediction_2,prediction_3,prediction_4
4,0.0,0.0002747001190367182,0.015329098070222655,0.039032123314434466,0.9453640784963058
1,0.07981999821725576,0.5398980773844932,0.2633524017780103,0.08574195280297213,0.03118756981726863
2,0.08196841848153029,0.3057536416315276,0.30799149261250025,0.1745133149431687,0.1297731323312733
2,0.005555555555555556,0.07194460445468509,0.20357862903225804,0.36808355734767023,0.35083765360983105
1,0.1203271699720029,0.49544393797368147,0.27496844247304714,0.0772840463666532,0.03197640321461535
1,0.06454638105930857,0.3614597872531941,0.43361185939899527,0.1068977285565346,0.033484243731967414
4,0.0,0.0,0.010272536687631027,0.03165618448637317,0.9580712788259957
4,0.07141904694147903,0.23769954477429397,0.2858155561172105,0.2267405683449431,0.17832528382207344
3,0.10456701479927467,0.22849558895772099,0.34647028452903833,0.1999484477302308,0.12051866398373517
1,0.047832389791433255,0.4304608273004108,0.3415045543178489,0.1368732987517596,0.043328929838547504
3,0.05508320104112998,0.31073315768925924,0.29715182060625395,0.19414616606797744,0.14288565459537936
3,0.023569023569023566,0.05481000481000481,0.17182696530522618,0.29774619613147507,0.4520478101842704
4,0.0,0.001619433198380567,0.01132653816937328,0.020462909462598128,0.9665911191696478
3,0.0485947707722119,0.2712553590651192,0.24891854981200753,0.28842383961394363,0.1428074807367177
2,0.09018792983195441,0.27308527668466365,0.35271574567646025,0.17627379268302673,0.10773725512389497
2,0.032287927873191215,0.3501399879661225,0.35806417841870936,0.24270130144471358,0.0168066042972634
4,0.0,0.0,0.010272536687631027,0.03165618448637317,0.9580712788259957
4,0.05159737385819827,0.2559813284022602,0.27653573682174093,0.1567393948903785,0.2591461660274221
2,0.08210479723323244,0.23621048218779245,0.2366744638418836,0.23816928604093343,0.2068409706961583
1,0.04716834728783218,0.3913421286109453,0.3961481661975972,0.13486011717466093,0.03048124072896441
4,0.0029809679229349166,0.0036854546752949032,0.03853906295900151,0.18019971765083995,0.7745947967919294
1,0.05364093030972081,0.5070271901099227,0.33181153176114575,0.08305948322694576,0.024460864592265076
0,0.0995808735463756,0.43737615077118364,0.3303158804932603,0.09843927009807613,0.03428782509110432
2,0.05313115817321604,0.5030768476697999,0.2614223963774667,0.1166660989906088,0.0657034987889085
2,0.08607351034358758,0.4402844859481151,0.3546222038523134,0.08172009497044615,0.03729970488553778
1,0.061683493732183715,0.24738015540841854,0.3081431038025696,0.13712353646392555,0.24566971059290255
4,0.04332875574811602,0.38939753394252985,0.3320670197280433,0.18865575333515433,0.04655093724615648
2,0.0707057364116741,0.19004391572433288,0.41182242410027303,0.23880839106277893,0.08861953270094118
1,0.064391802999654,0.3934754548022454,0.40703093525836037,0.0996776251306323,0.035424181809108016
4,0.0029719267596228583,0.051820030867279085,0.2780544742256622,0.24165496143829882,0.4254986067091371
0,0.544169992449574,0.2072591953403085,0.12814151655700573,0.06838528745550641,0.052044008197605435
1,0.05171803568791025,0.44834517429663895,0.35789956066626943,0.11189543552896093,0.030141793820220347
1,0.05508320104112998,0.31073315768925924,0.29715182060625395,0.19414616606797744,0.14288565459537936
3,0.04716834728783218,0.3913421286109453,0.3961481661975972,0.13486011717466093,0.03048124072896441
2,0.08417716751498455,0.22323763303166932,0.6462245370121276,0.007156000817828665,0.0392046616233899
2,0.08544104936178108,0.29203545262505637,0.4142360250472426,0.11783596915083418,0.09045150381508592
2,0.0485947707722119,0.2712553590651192,0.24891854981200753,0.28842383961394363,0.1428074807367177
1,0.04845675182538062,0.348528857688904,0.32317334115050744,0.23177765512146528,0.04806339421374266
3,0.04716834728783218,0.3913421286109453,0.3961481661975972,0.13486011717466093,0.03048124072896441
3,0.07889582262725414,0.3817434765541421,0.36489541252680413,0.11404214203534169,0.06042314625645795
1,0.05590777361783657,0.5078269544488616,0.2969608408803008,0.1064059953530832,0.03289843569991782
1,0.06389605188598946,0.4905149959121592,0.28772662138754534,0.10946098823011534,0.048401342584190744
4,0.05924049553015888,0.18065678782562555,0.24842247125184225,0.1818713768313293,0.3298088685610439
1,0.0763789583333794,0.2265087070885531,0.4793687983060975,0.12377375073118156,0.09396978554078837
4,0.0,0.00016144656118824668,0.03258520105014087,0.16345221711890096,0.8038011352697698
4,0.0658412683471046,0.2330336764777403,0.26917765133103594,0.14196053603089734,0.2899868678132219
1,0.10889008209912557,0.5084656349927185,0.23056705431784882,0.11031079875175961,0.0417664298385475
2,0.056242687436420635,0.48783300724607576,0.32122275473060985,0.10239300774222732,0.032308542844666534
2,0.05463072370350723,0.20994951420131494,0.25483818485993526,0.4101267685485494,0.07045480868669313
3,0.006535947712418301,0.02808728429643462,0.178479786976519,0.1449036162618399,0.6419933647527881
4,0.0,0.0038314176245210726,0.0,0.04190895161942566,0.9542596307560532
3,0.0,0.001619433198380567,0.01132653816937328,0.020462909462598128,0.9665911191696478
1,0.047650936634917804,0.4136301229912364,0.4004995801817452,0.10444167145953873,0.033777688732561796
4,0.07806197085634323,0.2687620972424087,0.3255158614374859,0.19144555020493467,0.13621452025882755
2,0.07226095178945444,0.31531527051799046,0.3761751780477568,0.16470127358342482,0.07154732606137346
4,0.0,0.03894445273755618,0.01467051467051467,0.25553429127216254,0.6908507413197665
4,0.05255603254506924,0.2079358821729434,0.21734935846638184,0.16909250632687495,0.3530662204887306
0,0.08546069109308777,0.286968303649086,0.3113578249580744,0.17009543185350312,0.14611774844624875
1,0.06654568604341893,0.29971415819302666,0.32231206546003754,0.18783842128630296,0.12358966901721388
0,0.047832389791433255,0.4304608273004108,0.3415045543178489,0.1368732987517596,0.043328929838547504
1,0.05508320104112998,0.31073315768925924,0.29715182060625395,0.19414616606797744,0.14288565459537936
1,0.0565492206291746,0.5088591946530349,0.2974285988995444,0.1046404295301118,0.03252255628813437
3,0.07389991668747986,0.2585150833943523,0.275388305657271,0.23832177796418327,0.15387491629671365
1,0.07677366498568365,0.29250064180033447,0.3350349211607141,0.18961165449469508,0.10607911755857305
2,0.05172120454390653,0.42822927760501994,0.3792725004696214,0.1139357684653505,0.026841248916101765
0,0.07807057046655658,0.41402155718698236,0.2928022473277579,0.1255046483460784,0.08960097667262468
1,0.06412406574203228,0.5493619132373138,0.2663784796719832,0.08369009557446551,0.03644544577420537
4,0.0,0.04813508064516129,0.10913418458781363,0.18828557754969044,0.6544451572173346
3,0.17407407407407408,0.0033670033670033673,0.1517075517075517,0.3140894000023013,0.35676197084906963
1,0.052131146883524514,0.44669890127199996,0.3658269059578209,0.10803956834661602,0.027303477540038538
0,0.1460547704171512,0.376115112227569,0.34878466236177386,0.10059650213249127,0.028448952861014766
4,0.005555555555555556,0.0,0.021383647798742137,0.1372117400419287,0.8358490566037735
1,0.10603370044694399,0.5804356791153122,0.22394446312899843,0.06766563411146492,0.021920523197280342
3,0.047832389791433255,0.4304608273004108,0.3415045543178489,0.1368732987517596,0.043328929838547504
3,0.04131231873865335,0.32097634784487794,0.4012616471072642,0.20911925374312218,0.027330432566082394
3,0.07792981514786072,0.3303964658520088,0.3121732993764608,0.17070883451826463,0.10879158510540474
2,0.0972031613988359,0.21358195070397434,0.2618999750332546,0.2924422462131891,0.134872666650746
3,0.07080238703518742,0.24323202330300217,0.3088712337496852,0.274156918601656,0.10293743731046927
0,0.08145438426827863,0.281381880285819,0.32917249785415814,0.17159270114640704,0.1363985364453372
2,0.049628215000604006,0.41031974399921917,0.3804560574417598,0.1310472630598259,0.028548720498590953
4,0.05508320104112998,0.31073315768925924,0.29715182060625395,0.19414616606797744,0.14288565459537936
3,0.0,0.001619433198380567,0.01132653816937328,0.020462909462598128,0.9665911191696478
4,0.08025871533552273,0.22494549204395534,0.262384723405616,0.2360743586524595,0.1963367105624465
3,0.08819495320468196,0.2994764161866881,0.37265664940344445,0.15165902195660153,0.08801295924858393
3,0.05848130854250423,0.4240404097665876,0.23152243399741312,0.259396321830796,0.026559525862699097
4,0.05752650301509431,0.39623353704602804,0.2949549903070976,0.18621884190171706,0.06506612773006289
0,0.08671078261763238,0.4668939355711602,0.32370495117293785,0.0735107261259886,0.04917960451228109
2,0.05890282502584159,0.46751388813899736,0.3496165072270819,0.09868926777136537,0.025277511836713805
1,0.11110693932883764,0.24688563860962826,0.30951161144022515,0.18850245074795943,0.14399335987334963
2,0.051936218217092205,0.21375104107973206,0.3930249154076544,0.12361649679342539,0.21767132850209597
1,0.04716834728783218,0.3913421286109453,0.3961481661975972,0.13486011717466093,0.03048124072896441
4,0.0,0.0002747001190367182,0.016522841394824326,0.046211665689327185,0.9369907927968114
2,0.07844686547128615,0.2657427825414581,0.3024055805609251,0.17339721242460254,0.18000755900172818
4,0.0020242914979757085,0.0036437246963562757,0.01723072170513576,0.042730115940330916,0.9343711461602013
1,0.029232208949119154,0.36417989214246443,0.30430598535798975,0.28191426287089383,0.020367650679532816
2,0.05397693303520656,0.39255307537915035,0.39597497906533446,0.11098194228782603,0.04651307023248254
2,0.07304106783211671,0.21938515417799123,0.274618053558821,0.21597770861396587,0.21697801581710532
2,0.06261700629622653,0.49427371360774247,0.305765928200037,0.1159340435842938,0.02140930831170052
0,0.08381423044590401,0.5759779603733396,0.24132203594843024,0.07806301869419359,0.020822754538132676
2,0.005555555555555556,0.04032258064516129,0.0858997768310002,0.18608759536939695,0.6821344915988861
2,0.059448502301188144,0.42960717352536815,0.32547244196246977,0.12214692662083508,0.0633249555901388
2,0.06394000182572528,0.4082876998184718,0.30148175566432184,0.1460356393569039,0.08025490333457727
1,0.07889582262725414,0.3817434765541421,0.36489541252680413,0.11404214203534169,0.06042314625645795
1,0.07486204332197943,0.47335342484347875,0.290221556409083,0.1446778222462024,0.016885153179257
1,0.08174561600625255,0.3041177381485521,0.30998928097889994,0.17610442144935604,0.12804294341693945
3,0.020572916666666666,0.30423627112135176,0.32779737903225803,0.19369119623655912,0.15370223694316437
1,0.03270015591308405,0.38567688026854097,0.2081321438977837,0.09419555953462269,0.27929526038596864
4,0.0,0.0002747001190367182,0.01655705319092067,0.09348386242314045,0.8896843842669018
2,0.06412406574203228,0.5493619132373138,0.2663784796719832,0.08369009557446551,0.03644544577420537
3,0.07845258166148437,0.2744013285881135,0.3142831843155104,0.1897133016309378,0.14314960380395383
2,0.039134038847272755,0.15206817747587398,0.19356152799955628,0.49538547002179606,0.11985078565550088
3,0.09740994192418151,0.21639040035325552,0.34343734223947237,0.2303128660186531,0.1124494494644376
2,0.08261192720862033,0.275400586257855,0.28723589396542126,0.20387974344850013,0.15087184911960314
4,0.04618801389601747,0.17947665437390306,0.22473892991864722,0.19506639357957065,0.35453000823186165
4,0.08668573591008155,0.24599325107945577,0.24029631210230704,0.24725912726639399,0.1797655736417616
1,0.05267969922443362,0.4430950594640983,0.35910418824837315,0.11366660897027213,0.03145444409282271
4,0.03051346801346801,0.023063973063973064,0.24821585419411507,0.13692507281035177,0.5612816319180921
1,0.0902184271790962,0.4802450413230484,0.2988620636563551,0.07066863711446793,0.06000583072703231
2,0.047832389791433255,0.4304608273004108,0.3415045543178489,0.1368732987517596,0.043328929838547504
3,0.005555555555555556,0.0078125,0.13906249999999998,0.4040561868686869,0.44351325757575755
1,0.047650936634917804,0.4136301229912364,0.4004995801817452,0.10444167145953873,0.033777688732561796
1,0.07976494531113731,0.2508158421820577,0.3025217658638557,0.19380398126427684,0.17309346537867237
4,0.0,0.0002747001190367182,0.015586216667670606,0.03439754909639238,0.9497415341169
4,0.047832389791433255,0.4304608273004108,0.3415045543178489,0.1368732987517596,0.043328929838547504
4,0.005555555555555556,0.0078125,0.05572916666666666,0.24496527777777777,0.6859375000000001
1,0.05559428512278777,0.3189994810443062,0.3414773222972695,0.1772743729986295,0.106654538537007
3,0.06962556598979755,0.3172845360516831,0.32727922343196353,0.17918132000683942,0.10662935451971645
2,0.09239538115749919,0.3038269075851106,0.29488986396333167,0.16733082222157783,0.1415570250724806
1,0.06070413220861906,0.4874564433140846,0.31891029856697434,0.10053830639408441,0.03239081951623775
1,0.058658452985728554,0.46317772012194314,0.3475459373313437,0.10476158398410296,0.025856305576881754
1,0.05111271664949158,0.34362131462953716,0.45635765926394584,0.11328476573982967,0.03562354371719581
2,0.06349771739827714,0.4953070067493125,0.3173487652942406,0.1106708433279674,0.013175667230202151
2,0.05163382871270368,0.4177026054891192,0.39902608102637194,0.10472664013739139,0.026910844634413945
2,0.08159540462069444,0.34353095042590454,0.3156567159265218,0.14863897656800867,0.11057795245887046
1,0.047832389791433255,0.4304608273004108,0.3415045543178489,0.1368732987517596,0.043328929838547504
4,0.0,0.0,0.010272536687631027,0.03165618448637317,0.9580712788259957
2,0.04716834728783218,0.3913421286109453,0.3961481661975972,0.13486011717466093,0.03048124072896441
4,0.0,0.0038314176245210726,0.007936507936507936,0.07365498336545742,0.9145770910735137
1,0.05786654507566842,0.20945508133638807,0.2928723029381746,0.2838273783146712,0.15597869233509776
2,0.047832389791433255,0.4304608273004108,0.3415045543178489,0.1368732987517596,0.043328929838547504
1,0.04799163454065458,0.25018965175904584,0.304040000463017,0.23924533792611283,0.15853337531116987
3,0.049071391907481804,0.5002208228455718,0.312589864486019,0.09354998880633139,0.04456793195459606
3,0.04861862823280674,0.40573623703938216,0.38166129001393034,0.1299385491153735,0.03404529559850695
4,0.005089672490782417,0.024877392224926527,0.14820120150477525,0.22420969857381626,0.5976220352056997
4,0.07753129787905876,0.2725670238821178,0.27504508719617415,0.15962018445502169,0.2152364065876276
2,0.06457616157689398,0.3437105987722983,0.39141286598048963,0.09257329959795929,0.10772707407235872
0,0.07746141856208312,0.5341076434951044,0.28492740677755996,0.08154670289721384,0.021956828268039012
0,0.09129501918304028,0.6072535941179641,0.2110251692707287,0.07042968653931048,0.019996530888956462
1,0.12419543667055749,0.5261535590018775,0.23820027434138583,0.07310432316882665,0.038346406817352484
0,0.09824198623984798,0.26433522058656284,0.36290631240408083,0.14342693809325188,0.13108954267625644
2,0.010857463781513354,0.037235750678777484,0.2163720502128472,0.17101152543547327,0.5645232098913893
1,0.07462201135185556,0.30807621368376326,0.3014368444676047,0.18107117113980317,0.13479375935697321
0,0.019715808065504846,0.04866254557146375,0.29522459190573114,0.3581602989801565,0.27823675547714355
2,0.0755651054121585,0.2759087412795893,0.33909999318784306,0.19503552834108676,0.11439063177932267
4,0.0015037593984962405,0.02874199709618565,0.14620405017080296,0.1631838580721264,0.6603663352623886
4,0.09901657377900375,0.3842221687159218,0.36571954826077313,0.0915277001632424,0.05951400908105907
2,0.07683671703883994,0.33574816054885165,0.3043110333728856,0.19099814686642194,0.09210594217300083
1,0.0679297022502426,0.5169159553014634,0.2836466471999335,0.11147861407096304,0.020029081177398118
2,0.08296659376721106,0.3403473320930072,0.2670755198291134,0.12488024188538083,0.18473031242528756
2,0.11029089585705748,0.2652053778585262,0.27047654426431167,0.20423829700126564,0.14978888501883922
2,0.05847524771666596,0.46879941269108205,0.3421112959662972,0.09995789795301653,0.030656145672938243
2,0.057412494680228715,0.4517823508055991,0.367692556810716,0.09355535312941907,0.029557244574037137
2,0.07978853627403805,0.25943122522919393,0.21560980135226906,0.17790442488396122,0.2672660122605377
2,0.10308475522877981,0.28183347293285993,0.2765072319679466,0.2040515704608045,0.13452296940960926
1,0.07533720238982061,0.26570437021943266,0.31218701426690126,0.2053704541929974,0.14140095893084811
4,0.003289473684210526,0.001619433198380567,0.01132653816937328,0.03888396209417708,0.9448805928538584
4,0.03824320661503709,0.18717167094530157,0.23547121628109074,0.22969685211625565,0.30941705404231495
1,0.053621174188400594,0.5344016569550738,0.2897767488333354,0.1040864811880497,0.01811393883514042
1,0.08332071094474958,0.36214344192235604,0.33243677126738547,0.17090303821401814,0.0511960376514908
1,0.05905192814215303,0.4779368481416642,0.32586380558829575,0.10550416130744936,0.03164325682043768
4,0.002541136360407868,0.008440428085602386,0.056974322218878964,0.19638794940761323,0.7356561639274977
3,0.09932579826512762,0.24107417591384367,0.37474405656051846,0.16639116690708516,0.11846480235342507
4,0.07719799233344686,0.16775975135800125,0.25157553093385004,0.22566235049174926,0.2778043748829526
2,0.043894162741430175,0.3657233880461608,0.3648633855020617,0.1983575756408619,0.027161488069485585
2,0.08417716751498455,0.22323763303166932,0.6462245370121276,0.007156000817828665,0.0392046616233899
1,0.055216726201198434,0.30245444044296926,0.42899097835535005,0.1625012996072601,0.05083655539322216
1,0.0536945324161095,0.4325922406093883,0.3798237543759526,0.10643306348283545,0.027456409115714155
3,0.09193298937667457,0.22954891771687277,0.22813720242364297,0.2554089746913021,0.1949719157915075
3,0.0,0.0071984209915244395,0.01467051467051467,0.09385700356747763,0.8842740607704833
1,0.09210924355299406,0.4328100079223422,0.3261972581318766,0.10106100057603254,0.047822489816754646
2,0.07794181114814797,0.3104872397807026,0.3033937521780712,0.17610544850991525,0.13207174838316296
1,0.04773290420970335,0.35989511338930985,0.4471915827603932,0.11107110540336294,0.034109294237230595
0,0.13246760346957048,0.2448060604301089,0.29604968947686455,0.1862723272867687,0.14040431933668765
1,0.04919341942449661,0.4137613327635747,0.378468655537368,0.13100521055794898,0.02757138171661138
1,0.07405904424605779,0.341403661209736,0.3673038479399999,0.14368723572625375,0.07354621087795266
1,0.05602615225959061,0.48007693228493886,0.3328427995319856,0.10331927767822816,0.02773483824525715
4,0.0,0.0038314176245210726,0.0,0.04190895161942566,0.9542596307560532
2,0.044838262702936386,0.3406608509321734,0.4275093129703169,0.1610380886469744,0.025953484747599006
3,0.051007070888048546,0.3112402076770927,0.46938757838517137,0.11779746439292244,0.05056767865676506
2,0.039295640194784084,0.35352241943257323,0.24115731293536713,0.2508069596926838,0.11521766774459172
3,0.05508320104112998,0.31073315768925924,0.29715182060625395,0.19414616606797744,0.14288565459537936
1,0.050527488983746476,0.4545151903526455,0.3520962738621015,0.11045851037880573,0.03240253642270085
2,0.08338983119020293,0.2688294917816531,0.2697465172371873,0.21510939411486416,0.16292476567609263
1,0.035098079282657235,0.2799780458267496,0.5427936385411598,0.11813464519544611,0.02399559115398688
4,0.0,0.0,0.010272536687631027,0.03165618448637317,0.9580712788259957
1,0.033509473124766584,0.29504416063374417,0.5224941376511822,0.1095295487517596,0.039422679838547504
3,0.012569748922202252,0.03040225663959846,0.23011645989077487,0.23278877057977557,0.4941227639676489
3,0.03132844405161309,0.14944799897042046,0.2003007963120356,0.5594770502897637,0.05944571037616718
4,0.0,0.001619433198380567,0.01132653816937328,0.020462909462598128,0.9665911191696478
4,0.0,0.0038314176245210726,0.007936507936507936,0.07365498336545742,0.9145770910735137
1,0.047832389791433255,0.4304608273004108,0.3415045543178489,0.1368732987517596,0.043328929838547504
2,0.04716834728783218,0.3913421286109453,0.3961481661975972,0.13486011717466093,0.03048124072896441
4,0.004802991681195812,0.024899725174043832,0.15070182130202953,0.23547041395735283,0.5841250478853781
2,0.047832389791433255,0.4304608273004108,0.3415045543178489,0.1368732987517596,0.043328929838547504
2,0.04716834728783218,0.3913421286109453,0.3961481661975972,0.13486011717466093,0.03048124072896441
1,0.07619366048760688,0.45601555433158797,0.2646080724517164,0.1267794785331796,0.07640323419590873
2,0.006535947712418301,0.02808728429643462,0.178479786976519,0.1449036162618399,0.6419933647527881
2,0.09917812562632322,0.442217945736491,0.32289674232644133,0.08818380240362195,0.04752338390712271
2,0.05508320104112998,0.31073315768925924,0.29715182060625395,0.19414616606797744,0.14288565459537936
1,0.11012908421517412,0.5782256305378795,0.201652364486019,0.06698748880633137,0.04300543195459606
1,0.06178865448113468,0.48020162132262223,0.2984203144762756,0.11180727218584463,0.0477821375341229
1,0.13229333921071015,0.5488706966855225,0.22673249557158945,0.06414680832957063,0.02795666020260733
1,0.0663333919328198,0.24265663004852822,0.29408208834590566,0.20938346161130203,0.18754442806144436
2,0.06204708340571594,0.30281549677243647,0.42061396215924485,0.15560878301834208,0.05891467464426093
1,0.07853909556310279,0.2809957315191352,0.292082170973448,0.1711455260450789,0.1772374758992351
2,0.21305388700565905,0.21195019893672123,0.24151905915098368,0.19791592740502756,0.13556092750160845
2,0.13055555555555556,0.1891321044546851,0.16451612903225804,0.25089605734767023,0.26490015360983105
4,0.08644756333691717,0.2779900128255816,0.23753166501003053,0.1200354579241844,0.2779953009032865
1,0.05303282313277178,0.21687540399505562,0.21647482416990615,0.11809129202775365,0.3955256566745129
2,0.05267969922443362,0.4430950594640983,0.35910418824837315,0.11366660897027213,0.03145444409282271
4,0.0,0.001619433198380567,0.01132653816937328,0.020462909462598128,0.9665911191696478
1,0.060968540065058,0.4531388311358088,0.34740601928036563,0.10370441260463201,0.03478219691413562
3,0.003086043841343474,0.05203159933799651,0.3006737619554821,0.40735017265745943,0.2368584222077183
1,0.10889008209912557,0.5084656349927185,0.23056705431784882,0.11031079875175961,0.0417664298385475
0,0.060134728726431025,0.43469798322975034,0.362955970519914,0.10332192262087307,0.03888939490303161
4,0.11543404256934545,0.411377492742188,0.2717291340252202,0.12458576654155763,0.07687356412168872
2,0.047059371161480054,0.385203023340118,0.4346700115813649,0.10722338628929041,0.025844207627746488
1,0.07486005520004918,0.5324340993381399,0.2769914604942771,0.08788646863840673,0.027827916329127685
4,0.005555555555555556,0.03162202380952381,0.13906249999999998,0.319207702020202,0.5045522186147187
1,0.07550256345130596,0.42876437882180096,0.35299546270708726,0.10602424407609613,0.0367133509437098
4,0.005529024832555448,0.010147228859663219,0.05195445428107373,0.1351171988618143,0.7972520931648933
4,0.005555555555555556,0.0,0.021383647798742137,0.1372117400419287,0.8358490566037735
4,0.0,0.0071984209915244395,0.01467051467051467,0.09385700356747763,0.8842740607704833
1,0.09152585825222721,0.2494303305119737,0.24417292853772696,0.22422076333969498,0.19065011935837717
1,0.0730084103351944,0.3695551251712744,0.3985486814899453,0.11607473419088116,0.042813048812704604
3,0.01992044961692717,0.04675001460037844,0.24381743745769757,0.3495290063067878,0.33998309201820903
3,0.12769005548879908,0.23337648689615864,0.30278271716422833,0.19075083927316563,0.14539990117764817
1,0.07998811255796304,0.28613430657481403,0.3338587040936513,0.1617989103058452,0.1382199664677265
2,0.04868825409024386,0.4232169068620222,0.39332810248721256,0.10786164129084697,0.026905095269674505
1,0.12144001517888388,0.30154199149615174,0.28880367790748174,0.14948188360407788,0.13873243181340475
1,0.11419504045329688,0.34161749719702705,0.30064382385705,0.16790907648698583,0.07563456200564017
2,0.07676075683536186,0.23840612275492756,0.28575962615269307,0.28851420348650586,0.11055929077051187
4,0.0015037593984962405,0.02874199709618565,0.14620405017080296,0.16844701596686326,0.6551031773676519
3,0.005555555555555556,0.023809523809523808,0.10471698113207546,0.21145416428435293,0.6544637752184922
4,0.125,0.1488095238095238,0.08888888888888888,0.09646464646464646,0.5408369408369409
2,0.020862190196366436,0.056156619111976266,0.3268272319416904,0.3203863196345844,0.2757676391153824
2,0.0015037593984962405,0.02874199709618565,0.14620405017080296,0.1631838580721264,0.6603663352623886
1,0.10613491199191762,0.49364455310964206,0.26396789714857977,0.0869688866202978,0.049283751129562736
2,0.051755812713184676,0.4204354295621698,0.3831447255985282,0.11006756505970443,0.03459646706641297
1,0.050846973999948114,0.28988327371943784,0.5285325713557252,0.10766696861272691,0.02307021231216177
2,0.07807122966635219,0.22956627909213198,0.492111529663691,0.10890918353657748,0.09134177804124735
3,0.056690429600957035,0.20774237659103673,0.26713083714196073,0.2376354053742943,0.23080095129175118
4,0.03270015591308405,0.38567688026854097,0.2081321438977837,0.09419555953462269,0.27929526038596864
4,0.010617652469328042,0.026739929480968525,0.07050489054260986,0.23578203113597548,0.656355496371118
2,0.04997342153845781,0.30493342836115656,0.4854782789851381,0.1131427497582393,0.04647212135700835
2,0.08545802683050392,0.2778802790935157,0.27147803015104194,0.2205735330517192,0.14461013087321922
4,0.05889749430323971,0.24840905430755875,0.3173211282712371,0.2760300813157029,0.0993422418022617
1,0.09983977606040802,0.2423786159221433,0.3051123638106525,0.19377008690070718,0.158899157306089
2,0.03146115379703549,0.31591688472338,0.23704683372961352,0.13751886948005093,0.27805625826992003
3,0.06338320271450837,0.23425023156828176,0.26685284493672656,0.2578749650864302,0.17763875569405313
2,0.09350175393000972,0.26988433887729657,0.37078005387243124,0.15435839431957635,0.11147545900068585
0,0.04385083435494676,0.30429071076819764,0.30475449130084364,0.23709134797997353,0.11001261559603846
1,0.08728733815115929,0.351074130532972,0.2560368676603433,0.23689071439325504,0.0687109492622704
2,0.047832389791433255,0.4304608273004108,0.3415045543178489,0.1368732987517596,0.043328929838547504
3,0.08523604839047826,0.2046007525822041,0.2344499177401741,0.2443402131631129,0.2313730681240306
1,0.0664991957937786,0.2143524774263197,0.23555244380265522,0.2764995451739285,0.2070963378033181
4,0.0,0.0038314176245210726,0.0,0.04190895161942566,0.9542596307560532
2,0.07516395007263221,0.5524827979691093,0.26956083972389566,0.07504407930272548,0.027748332931637417
3,0.05719006893999014,0.2439246375349251,0.2535867960882988,0.24301638911599663,0.20228210832078936
2,0.05970889184542322,0.25543935932533285,0.4814695305710813,0.13668436403511286,0.06669785422304975
4,0.0005714177355760576,0.0009541776729708496,0.013486300845713622,0.034779224403140914,0.950208879342599
2,0.07117352869246452,0.24183866939255352,0.3703052435193741,0.16433293935909576,0.15234961903651215
1,0.04716834728783218,0.3913421286109453,0.3961481661975972,0.13486011717466093,0.03048124072896441
3,0.0485947707722119,0.2712553590651192,0.24891854981200753,0.28842383961394363,0.1428074807367177
4,0.07695254394507711,0.22422964786718586,0.31409631703663665,0.26195112297401374,0.12277036817708664
4,0.03051346801346801,0.047195289008154506,0.3893031403106409,0.27227103007359804,0.26071707259413845
4,0.0,0.0038314176245210726,0.007936507936507936,0.07365498336545742,0.9145770910735137
4,0.005555555555555556,0.04813508064516129,0.12024529569892473,0.293841133105246,0.5322229349951124
1,0.07178415771231708,0.4351412990670523,0.21737775818321908,0.17277934067710193,0.10291744436030961
3,0.07312224388374856,0.36209947729672326,0.40162085558912974,0.10889444363162848,0.05426297959877009
1,0.055297641070402484,0.5049717896397399,0.30006595507717,0.10300726567026315,0.036657348542424466
2,0.047578659754244135,0.42658734403099235,0.37008523670943994,0.1280041649283009,0.02774459457702248
2,0.06419826210933928,0.45496099469806783,0.32872660992303376,0.11888678501288931,0.03322734825666986
3,0.05704489049770873,0.35224747840518394,0.42372018265850253,0.1414444793145786,0.025542969124026135
1,0.056322203157178535,0.38049315323442023,0.2682371307744241,0.1508228561225492,0.1441246567114279
2,0.05983903463892743,0.4266722322433218,0.36137807505114017,0.10906100463607134,0.04304965343053933
1,0.06667390419986172,0.44175575932315614,0.3165964318444743,0.126429068069917,0.048544836562590794
4,0.0,0.0038314176245210726,0.0,0.04190895161942566,0.9542596307560532
4,0.0,0.0,0.010272536687631027,0.03165618448637317,0.9580712788259957
3,0.04696351832168813,0.40449810453427265,0.35809499742989537,0.16466072129681597,0.025782658417327735
3,0.04774769584687335,0.1995742300083983,0.2150295294222028,0.44329656698351627,0.09435197773900918
1,0.07516395007263221,0.5524827979691093,0.26956083972389566,0.07504407930272548,0.027748332931637417
3,0.06516416529683129,0.22548733891548953,0.26528467692116664,0.2890768443763887,0.15498697449012394
4,0.07269165716352445,0.2797785259174638,0.3238249952986313,0.1809529757718501,0.14275184584853046
2,0.05820863961375308,0.5634949579062983,0.2767733082342663,0.07929392907309323,0.02222916517258898
2,0.08016252183905273,0.3086478917071049,0.30528813441456554,0.17198408335748053,0.1339173686817962
3,0.05731614179432404,0.48594641247266396,0.31826375369387866,0.10547203924993706,0.03300165278919622
3,0.057412494680228715,0.4517823508055991,0.367692556810716,0.09355535312941907,0.029557244574037137
4,0.004356956208005038,0.0036846793468853062,0.02786647291475662,0.16080545048610134,0.8032864410442521
3,0.0810832882897449,0.3528742386995982,0.22513899505985951,0.21039622059836177,0.1305072573524356
2,0.07507147915609673,0.5423619038559107,0.2405770389396245,0.10980004333671571,0.03218953471165229
2,0.05573133656818914,0.3735644405945917,0.34698382686414747,0.18145823909263303,0.0422621568804384
3,0.06812203442322518,0.42652675028166354,0.3355597292241623,0.12897662535319568,0.04081486071775342
3,0.04729634892448855,0.3804608183441162,0.40189529122456,0.14877600065938393,0.021571540847451068
1,0.04716834728783218,0.3913421286109453,0.3961481661975972,0.13486011717466093,0.03048124072896441
1,0.07395195336928617,0.2616584115104132,0.3133156036489897,0.23006336735664587,0.12101066411466521
1,0.10889008209912557,0.5084656349927185,0.23056705431784882,0.11031079875175961,0.0417664298385475
0,0.1665537243323299,0.29590649746437137,0.29421440038259694,0.13920493673859136,0.10412044108211042
1,0.08551881176474067,0.6049875012367534,0.22049428701543125,0.06901261444399416,0.019986785539080527
1,0.05035020730197488,0.3566665335188759,0.31467306797546385,0.22245309893230927,0.055857092271376314
2,0.050188151883491613,0.408737308589601,0.37900396295352207,0.1317765262014135,0.03029405037197147
4,0.05993259808542578,0.267894789112467,0.29127790535872183,0.14519121421142528,0.23570349323195994
1,0.03146115379703549,0.31591688472338,0.23704683372961352,0.13751886948005093,0.27805625826992003
2,0.04757505914012967,0.3805060281225325,0.4395259651983238,0.10421586674632977,0.028177080792684286
2,0.08332071094474958,0.36214344192235604,0.33243677126738547,0.17090303821401814,0.0511960376514908
2,0.049071391907481804,0.5002208228455718,0.312589864486019,0.09354998880633139,0.04456793195459606
3,0.0584335709369413,0.4782429982030431,0.3260736478030648,0.1055679997995746,0.031681783257376236
2,0.050324841156461915,0.3377215660871719,0.34599178921581547,0.17330081535151334,0.09266098818903722
1,0.05368298632965313,0.4448654583453201,0.364505351419897,0.10983644186560676,0.027109762039523037
1,0.082938165398936,0.1534776374865084,0.6751392268439573,0.05047931076325688,0.03796565950734134
3,0.05508320104112998,0.31073315768925924,0.29715182060625395,0.19414616606797744,0.14288565459537936
4,0.0,0.001619433198380567,0.01132653816937328,0.020462909462598128,0.9665911191696478
4,0.08819495320468196,0.2994764161866881,0.37265664940344445,0.15165902195660153,0.08801295924858393
1,0.049071391907481804,0.5002208228455718,0.312589864486019,0.09354998880633139,0.04456793195459606
2,0.05508320104112998,0.31073315768925924,0.29715182060625395,0.19414616606797744,0.14288565459537936
2,0.06349771739827714,0.4953070067493125,0.3173487652942406,0.1106708433279674,0.013175667230202151
2,0.047650936634917804,0.4136301229912364,0.4004995801817452,0.10444167145953873,0.033777688732561796
2,0.08612851270138164,0.24124906809363297,0.35458282018906145,0.17941318727995137,0.13862641173597262
2,0.08523818017633762,0.2989138479312233,0.31915611248188197,0.16350323360338676,0.1331886258071704
4,0.021126312777204916,0.0207978915463191,0.28992057893214224,0.20465401719423967,0.4635011995500939
2,0.013307003824163036,0.031464199598600244,0.23347685084141356,0.22778513180369098,0.4939668139321323
2,0.062381591061587346,0.38164973243262795,0.36345286022959716,0.18433958731134883,0.00817622896483871
3,0.08338045791392057,0.2987289141855559,0.27785327106197605,0.20173662889963614,0.1383007279389112
1,0.061632355923061204,0.3813407793564084,0.41071674205943354,0.1166519271996221,0.029658195461474697
4,0.0005714177355760576,0.0009541776729708496,0.01427470947412225,0.03508500716068839,0.949114687956643
2,0.057150798473651815,0.4726309191926058,0.32802965011677715,0.10649855079739666,0.03569008141956848
4,0.0,0.0002747001190367182,0.015329098070222655,0.03510731601539405,0.9492888857953462
0,0.5336318597560976,0.21976626016260162,0.14929496951219512,0.0740917174796748,0.023215193089430895
1,0.0887824596260104,0.5110228334348598,0.2783823240368259,0.08563923996157907,0.036173142940724795
3,0.058695981796535006,0.22404669544517408,0.3383377781075352,0.26533571014758917,0.1135838345031666
2,0.056517356849827186,0.542448384146648,0.24012685497822023,0.11532042768518953,0.04558697634011477
3,0.037594380665573766,0.2639297562543284,0.34264739997247623,0.17796297208112768,0.17786549102649382
3,0.05508320104112998,0.31073315768925924,0.29715182060625395,0.19414616606797744,0.14288565459537936
4,0.07436467109371381,0.44778496459160555,0.3169822672514932,0.11389557789764547,0.04697251916554196
2,0.027603246723028933,0.05323638630246234,0.25370787043224713,0.4063560684731522,0.2590964280691093
3,0.05508320104112998,0.31073315768925924,0.29715182060625395,0.19414616606797744,0.14288565459537936
3,0.005263157894736842,0.05048867147443898,0.1569445832171077,0.3123013228537662,0.4750022645599503
2,0.06259032500044828,0.20882676433835043,0.3184792722984476,0.2519743560436724,0.1581292823190813
2,0.07076072526324012,0.2942281366379236,0.30365658072582,0.19670787644050647,0.13464668093251
3,0.002239644727986922,0.0253560819692075,0.17860770295458764,0.2639345736683552,0.5298619966798626
2,0.06125172205545026,0.3764609057642827,0.37256919529277577,0.1380100332942506,0.05170814359324055
4,0.0,0.001619433198380567,0.01132653816937328,0.020462909462598128,0.9665911191696478
4,0.015599782772959678,0.047943829661036,0.15839187773334143,0.2651871733866797,0.5128773364459833
2,0.0776956289951265,0.4147795182168836,0.2998819047914482,0.12779104933266452,0.0798518986638771
1,0.047743166726734454,0.42888307196891357,0.3901761705942681,0.10218998508001509,0.031007605630068723
1,0.08546917890535992,0.27464208938322726,0.29476157256772617,0.19300468067383042,0.15212247846985627
1,0.07099920795987698,0.5045193155973227,0.32724044203473346,0.07612409256992338,0.021116941838143426
3,0.050878317300922,0.21087354234862551,0.22887603394315556,0.29806052756977175,0.2113115788375253
1,0.07399347705209622,0.21844575943687206,0.23567397063448595,0.26903463911710557,0.20285215375944013
4,0.005263157894736842,0.03814049333678716,0.13868525317832173,0.17220641446310386,0.6457046811270505
2,0.11543404256934545,0.411377492742188,0.2717291340252202,0.12458576654155763,0.07687356412168872
0,0.08546069109308777,0.286968303649086,0.3113578249580744,0.17009543185350312,0.14611774844624875
1,0.08342355227457138,0.257562023532205,0.3507880527046969,0.1702860747223614,0.13794029676616532
1,0.08819495320468196,0.2994764161866881,0.37265664940344445,0.15165902195660153,0.08801295924858393
2,0.03051346801346801,0.023063973063973064,0.24821585419411507,0.13692507281035177,0.5612816319180921
2,0.08762731382054068,0.29327893167260083,0.3211931537066497,0.15752211725874996,0.1403784835414589
2,0.07383247704004818,0.4726019083107498,0.2694917287714544,0.15312335328214394,0.030950532595603736
1,0.04898957170466827,0.4205152887390448,0.39577905024495647,0.10788972728252519,0.026826362028805336
2,0.058565988323648774,0.4926121679957647,0.2321199066353105,0.13488616929878938,0.08181576774648612
1,0.07063932343425104,0.4345398607400967,0.30772455702048523,0.12802369385286788,0.05907256495229893
3,0.05508320104112998,0.31073315768925924,0.29715182060625395,0.19414616606797744,0.14288565459537936
1,0.05689877059852954,0.4586564887866203,0.29141832347159197,0.17372585640460358,0.01930056073865507
1,0.047832389791433255,0.4304608273004108,0.3415045543178489,0.1368732987517596,0.043328929838547504
0,0.09908270937440812,0.2697532392707278,0.27508551470119236,0.188565667054621,0.1675128695990508
4,0.01695782613359557,0.022149064971040994,0.11457423366038806,0.26062377657999125,0.5856950986549844
1,0.0673440467711301,0.4331241096866097,0.22125845797720795,0.24740102682811016,0.030872358736942072
4,0.03146115379703549,0.31591688472338,0.23704683372961352,0.13751886948005093,0.27805625826992003
0,0.07057689264260068,0.6924214415814425,0.16000706230772127,0.052916459587854306,0.02407814388038139
2,0.057874837068611816,0.19054003537852024,0.20568767663403437,0.38084757423890137,0.16504987667993212
3,0.0495068424540138,0.454884505216183,0.35686600226503823,0.11109479917526209,0.027647850889502834
2,0.06765291603441355,0.6264695247523325,0.2006178485325426,0.04706850637148003,0.05819120430923129
2,0.06710876441921419,0.47565492903254036,0.2671418303854123,0.07939072927253182,0.11070374689030138
3,0.088096325292567,0.23133776477289109,0.3211717836641103,0.20169942545335198,0.15769470081707965
2,0.047832389791433255,0.4304608273004108,0.3415045543178489,0.1368732987517596,0.043328929838547504
4,0.052704547817740574,0.1746842838815192,0.2320826019707965,0.17319434279932572,0.36733422353061795
3,0.004179193494216597,0.022820177647269894,0.14836983510797233,0.22837798384362906,0.5962528099069123
1,0.051755812713184676,0.4204354295621698,0.3831447255985282,0.11006756505970443,0.03459646706641297
4,0.0,0.0,0.010272536687631027,0.03165618448637317,0.9580712788259957
1,0.06412406574203228,0.5493619132373138,0.2663784796719832,0.08369009557446551,0.03644544577420537
3,0.07911824573383437,0.2502419869791311,0.29706338533930465,0.18692717759989455,0.1866492043478353
1,0.08029414392564267,0.5367614253803465,0.2649948387620851,0.0850369480764854,0.03291264385544034
1,0.07525037476609775,0.20740610437711243,0.2792880109375812,0.2729576018546944,0.16509790806451427
1,0.04251725016504087,0.1868633617083851,0.24651469264491585,0.4461130177352488,0.07799167774640925
3,0.07966121036521175,0.26555664817789915,0.2985096400212785,0.22064662900605914,0.13562587242955162
4,0.004621923103823735,0.021160696825080202,0.24398964824278058,0.34893626044232245,0.381291471385993
1,0.08134740951432057,0.2959304468241159,0.3393350994801744,0.16025337722685204,0.12313366695453702
4,0.03270015591308405,0.38567688026854097,0.2081321438977837,0.09419555953462269,0.27929526038596864
3,0.03051346801346801,0.047195289008154506,0.3893031403106409,0.27227103007359804,0.26071707259413845
4,0.03563422230840698,0.17648807751546844,0.20670603720718342,0.4792828161702157,0.10188884679872533
2,0.061344657266226815,0.4314648826918323,0.3598030035181269,0.11130304914051624,0.03608440738329761
2,0.0735969562277633,0.4133394698914725,0.4006870284119364,0.0888418576999134,0.02353468776891437
3,0.045784070463702156,0.39300021805671337,0.28939058372961357,0.1565292861467176,0.11529584160325337
