target,prediction_0,prediction_1,prediction_2,prediction_3,prediction_4
4,1.5758769832432368e-23,2.470137504439549e-22,2.115435721667274e-15,4.401627463262206e-13,0.9999999999995577
1,0.008096394552742248,0.9916668284730773,0.000236775372551581,1.6016289114705407e-09,1.0906427399140566e-18
2,4.551428815149413e-17,5.1637051879765246e-08,0.006976650403301997,0.05286277021902409,0.940160527740622
2,2.1661323936005854e-10,0.0023185991937239776,0.8968490819981487,0.10079196915002389,4.034944149028574e-05
1,0.02000473217991063,0.9723526486415547,0.007642596265063251,2.287430066005583e-08,3.917082748596363e-11
1,0.025456678997059987,0.9729957917298229,0.0015462806218812983,1.2481934141427276e-06,4.578217051433956e-10
4,2.0546633793149227e-18,2.9929808332630855e-15,1.4390260737981407e-10,2.9152418273578784e-08,0.9999999707036762
4,2.4203021996365564e-24,1.5469214020561941e-12,0.0001304332602765172,0.006329573649984504,0.9935399930881921
3,2.973838967583597e-14,2.0774696549810283e-07,0.02219828176625919,0.8887595902905436,0.08904192019620188
1,4.6101411213334046e-05,0.9953715242072291,0.004575729479655947,6.644900003801553e-06,1.8975687546945735e-12
3,1.6331153799257479e-21,2.117969485561622e-10,0.013669435519489934,0.9542038116947451,0.032126752573968034
3,5.152637940742305e-11,1.4847729782124881e-06,0.1818795376946236,0.5934425412096815,0.2246764362711902
4,5.773977604597612e-34,1.6004625806985195e-17,6.90796061056347e-13,6.060832223473735e-09,0.9999999939384769
3,3.995913155850774e-22,1.1444568662164864e-10,0.004297941170240106,0.8522393539994639,0.14346270471585035
2,0.12175697971291492,0.41535771074114197,0.4617262541848584,0.0009488939813583689,0.00021016137972637675
2,0.0001491251474296752,0.33458212759670436,0.501153405286644,0.16394213821963433,0.00017320374958768446
4,2.8741845766466696e-18,3.696534529817062e-15,1.561079878436869e-10,3.008597628755428e-08,0.999999969757912
4,1.5242716208154603e-20,6.2832724879020194e-09,0.007781660775623603,0.16469848438808782,0.8275198485530161
2,1.933666271130062e-25,6.741224444299504e-13,7.33160686859974e-05,0.06166260507060556,0.9382640788600343
1,0.008009551912093677,0.9880838195063575,0.0039016591256263882,4.964926042750496e-06,4.529879718435171e-09
4,2.9087483321068332e-31,2.629481786063528e-16,1.7487935172167364e-06,0.033808204557489334,0.9661900466489932
1,0.0475592003696241,0.9499672551142748,0.002473541489179639,2.82602906633696e-09,2.0089238564063814e-10
0,0.756646220374311,0.24334640255961698,7.375594969907222e-06,1.4708781552150094e-09,2.2397520636133011e-13
2,3.03552119965741e-08,0.029386184105097288,0.9704908411928765,0.0001229424135348537,1.933279360017388e-09
2,0.0012915041184147216,0.03180969591588822,0.9664303880082019,0.0004676010917366563,8.108657586089646e-07
1,0.04114507420478936,0.9585862393938677,0.00026867434917392144,1.2052165598314908e-08,3.704186729949089e-15
4,2.6043293525363547e-18,3.2356704054480774e-11,0.00412743938559808,0.4261485815627009,0.5697239790193442
2,1.4842567405281739e-05,0.9992770890896118,0.0007080205375257041,4.780545733064447e-08,8.769160860185629e-24
1,1.940437459928284e-12,0.6379341971710022,0.3620649081850131,8.946420438172115e-07,3.9324156245655617e-16
4,1.4688106377819935e-20,8.174581860597037e-10,3.917470230099513e-05,0.03427870532204609,0.9656821191581948
0,0.9975350368513799,0.0024649553011633564,7.847027666485887e-09,4.2905645827674226e-13,9.36969072882479e-21
1,2.3204802657562975e-07,0.9948201602326664,0.005179114111432013,4.936078750270413e-07,2.1062650031478408e-17
1,5.2188244446487875e-05,0.9913903271337551,0.008542468599666815,1.5016016354218738e-05,5.777689745374722e-12
3,2.4113191563128317e-14,6.359084373150569e-08,0.019681703955552493,0.8385479504924582,0.14177028196112149
2,6.503361410878563e-12,1.3123559200944295e-05,0.954863949776888,0.04511735898498428,5.567672423385826e-06
2,0.0007059954453972519,0.028711622589931016,0.9703891822547619,0.00019280603345805958,3.936764517200449e-07
2,1.4272924229872466e-07,0.012717738262756026,0.7217344595718787,0.26545079330944465,9.686612667826487e-05
1,9.911479151119742e-06,0.9428347907902953,0.05709677419124834,5.852353457147292e-05,4.7336562717444725e-12
3,1.1374230086022269e-11,8.574720169599483e-07,0.025474028542746326,0.7264813078497923,0.24804380612407026
3,1.3334332381262435e-18,7.887674845166245e-09,0.0661837150408608,0.9033747609596888,0.03044151611177555
1,3.9689793377599106e-07,0.9951837404495886,0.004815627865631353,2.347868463246772e-07,2.3755025839547035e-17
1,0.0006401926025471359,0.9035702600788147,0.09573090117873301,5.864593397648905e-05,2.059285410106126e-10
4,4.614233207589576e-17,5.1811996886184e-10,0.015372946136827197,0.6668893772021021,0.31773767614295084
1,0.0025712166538100355,0.994807632565245,0.0026205922522755444,5.585286695995966e-07,3.687822972836648e-18
4,1.9072442048220246e-19,4.915921176700933e-09,1.9936130280693115e-05,0.11791229141429178,0.8820677675395064
4,1.2025166079780165e-18,6.553066641159504e-12,2.856795552454837e-07,6.444944492872281e-06,0.9999932693693988
1,0.012339622610689304,0.9870495733128889,0.0006100846549836706,7.194212626539467e-07,1.7547454273145e-13
2,1.4921662708149955e-15,7.78403802688231e-05,0.9838580943791132,0.016064062193235095,3.0473815089941523e-09
2,2.7399909024029267e-10,0.015809827403209707,0.9739623397423385,0.01022694143435217,8.911461005473992e-07
3,2.4788850168428407e-09,5.9520482541183605e-05,0.4343638368957137,0.5163810227115264,0.04919561743133385
4,2.865159254973325e-19,1.2611205588825931e-21,1.5359916358988414e-13,3.124489289737012e-11,0.9999999999686016
3,8.059093037636917e-14,8.842201482689234e-06,0.022801433005680764,0.3711089957919008,0.6060807290008552
1,0.00011271760299585594,0.9957084316469891,0.004178850494573759,2.549350157162466e-10,5.061425973411147e-13
4,4.208998994740992e-20,1.247038231342212e-08,0.003453428137489341,0.14371284942960866,0.8528337099625196
2,1.2014279197910758e-06,0.028064495545370435,0.9313274979934342,0.04046736037005295,0.00013944466322273394
4,1.0541396735147767e-16,9.118900930142568e-20,1.474109571718462e-12,6.776159633842456e-11,0.9999999999307643
4,5.700541699959689e-32,1.6813473953676556e-18,5.160967031049249e-08,0.00026893015998295404,0.9997310182303467
0,0.124211275328899,0.827200225747613,0.048561601067601406,2.6824682843315247e-05,7.317304323548727e-08
1,0.008412760273758377,0.9878665480641123,0.003720691657589908,3.484776070642655e-12,1.0544499443717244e-12
0,0.9890148530001192,0.010984587348356134,5.595845480038166e-07,6.697652093158452e-11,1.0307360347207372e-17
1,0.0006977852971038764,0.9840089736314717,0.015009712084502757,0.00028352822419754824,7.62724052492665e-10
1,4.3614629515434217e-07,0.9953641960327275,0.0046351479448730115,2.1987610437875955e-07,2.4193938472957524e-17
3,3.209773127197264e-11,0.0003819823605496029,0.1793250934271557,0.8139544473555984,0.006338476824598523
1,0.003017369313497758,0.9964293236944507,0.0005533008522973004,6.139754111492202e-09,2.8753663556488875e-16
2,7.840242787612164e-12,0.021911701118270555,0.976449072409441,0.0016392209521880563,5.512260069838692e-09
0,0.7710143010518954,0.2289822586354639,3.440064681975823e-06,2.4795852573019755e-10,2.947909942294645e-19
1,0.2482379839091779,0.7501643103097255,0.0015946478545630959,3.0556213030975167e-06,2.305230306066973e-09
4,5.855054853547712e-26,2.390445696622245e-13,0.0006343296656979979,0.2472152456855131,0.75215042464855
3,8.879277302452319e-21,1.232251141939799e-13,7.899707478870508e-05,0.1120262816157647,0.8878947213093232
1,0.0006244651309587869,0.9983823022860099,0.0009931888293413993,4.375368970785751e-08,1.790640374169313e-16
0,0.996772504376991,0.0032274909824801462,4.640528758735092e-09,1.6053413833805756e-18,1.2489111010913618e-27
4,5.66178620459457e-22,2.374730815091729e-16,1.6830966224348427e-11,4.6022425275112456e-08,0.9999999539607435
1,0.0035910983580735804,0.2547823738794041,0.643474345327271,0.09674866253714132,0.0014035198981099724
3,1.1025519134870004e-18,2.611264661030738e-09,0.029337397561554446,0.9575703437218966,0.01309225610528417
3,1.5819275272018264e-12,0.03944275265377967,0.9597628868608299,0.0007943596143405183,8.694679693632547e-10
3,1.223857005760414e-11,0.00019169898325994264,0.32648086494920536,0.6490529901022757,0.024274445953020415
2,0.00030094656208403927,0.7494957170158739,0.24582165121310318,0.0043802080566733605,1.4771522653341176e-06
3,4.183757155205167e-18,1.5630296181029835e-06,0.053484692306484144,0.9461909550627028,0.00032278960119504414
0,0.9969764802761809,0.0030234648188957746,5.490492070499533e-08,1.6112600229115096e-15,1.1684277989271321e-15
2,6.063521665015333e-13,0.0004105602070149856,0.7259058908268492,0.2736835244231003,2.4542429181264432e-08
4,1.5096828073224387e-29,7.016855906395959e-16,0.00015289765816884726,0.18190907330544598,0.8179380290363846
3,5.555024390746866e-15,7.830815494228457e-05,0.3014850101557548,0.1532701813096402,0.5451665003796572
4,2.1935572534403375e-25,1.0962310710668328e-12,0.00025279976021335494,0.009884796856716489,0.9898624033819741
3,3.1142768443179646e-18,1.2275433726364799e-08,0.09695332740214514,0.8867778947629879,0.01626876555943326
3,0.00010876609150717046,0.6496675589291679,0.34294517860512463,0.00727808976641769,4.066077824480919e-07
4,1.8761570375939027e-16,7.248829761563e-06,0.39811347281675646,0.5984031421009302,0.0034761362525517186
0,0.7754811051102444,0.2244549667066514,6.392768146016988e-05,5.016439564876607e-10,2.024105666671358e-20
2,2.6226065523941904e-09,0.11876788452888574,0.8789118184229117,0.0023201448696775107,1.4955591849907807e-07
1,3.298894598901041e-07,0.08320234568983881,0.8181380391398198,0.0986537421042263,5.543176655189483e-06
2,2.888502036895163e-08,0.0002447740193492766,0.5163333517372998,0.4616337643654592,0.02178808099287124
1,0.013521449256543446,0.984078482151777,0.0023981690674788093,1.8976771551276816e-06,1.8470457065702646e-09
4,1.0035266107277586e-23,1.6424272077611735e-22,1.2438450612447205e-15,3.703774300927081e-13,0.9999999999996283
2,1.5047685355363757e-20,1.2430020664475532e-05,0.999651711856126,0.000335858065376035,5.7833467253334176e-11
4,5.774766118349288e-17,2.237142691087449e-07,0.003004520247010955,0.05293272334410867,0.9440625326946112
1,0.005120980355744845,0.9898686286526627,0.005010386285667422,4.705238102955175e-09,6.867672122297015e-13
2,5.2360777692472075e-11,0.012633008108604363,0.9866546293537343,0.0007122133838916964,1.4910140894482566e-07
2,1.6383638401042173e-17,1.9254423298786246e-09,0.0013300872083194914,0.08564743295748763,0.9130224779087506
2,5.512939405808242e-09,0.23434037005591596,0.7652410116810442,0.0004186099801746738,2.769925880078289e-09
0,0.9752951080577543,0.02470452548124688,3.664608558907113e-07,1.428608569300025e-13,1.1852944382927535e-20
2,9.762388463533484e-12,0.0001501254949125243,0.6141546035649097,0.3841436274877138,0.0015516434427015429
2,1.6934507815224526e-07,0.07740104279888395,0.9193287608342968,0.00326999926939935,2.7752341937948913e-08
2,3.0879930482423947e-06,0.07967818552988562,0.9004646927348658,0.019787070443316093,6.696329888411723e-05
1,0.00031969226258613426,0.9991120313858461,0.0005679258535754496,3.5049797250170293e-07,1.9674853243344237e-14
1,0.0020710440827749984,0.9545260192768268,0.043387921064255194,1.5015411409115127e-05,1.647340390483485e-10
1,0.0007897993161866848,0.9682528717163625,0.030953678106815485,3.6508585096998747e-06,2.1256353432158632e-12
3,1.352348545618447e-18,1.7585989031207697e-08,0.12396320561696013,0.8699956748174373,0.006041101979613591
1,0.001809227473618708,0.997584552283491,0.0006054720995921518,7.481431941668014e-07,1.040147077481592e-13
4,3.1269333312798455e-28,1.2748986046631012e-25,1.1947372930282953e-17,1.7269216624288687e-14,0.9999999999999827
2,0.00035915729798265117,0.1762214699959227,0.7818340501900208,0.041374429136915754,0.00021089337915813802
3,1.4719151804049137e-10,8.613524155173414e-05,0.1995320865475192,0.6303961868563643,0.16998559120737322
2,3.299923019887634e-09,0.017968014642141875,0.3348138712444099,0.646819763210891,0.0003983476026340947
3,5.503817410795331e-20,3.2699163889991126e-08,0.09883810249005517,0.8726325826247325,0.02852928218604828
2,4.859726063350825e-07,0.12670166938369765,0.8676862629422505,0.005611569084562217,1.2616883169158166e-08
4,6.059265210482487e-40,1.8792342458591855e-21,1.175885625792997e-08,0.0023119532907517277,0.9976880349503919
4,6.849337375328382e-17,1.4071417073827588e-07,0.011522449108490478,0.1465619907476248,0.8419154194297138
1,2.2890135891839637e-07,0.9947864305433126,0.005212841889564535,4.986657638011983e-07,2.1200402562987942e-17
4,1.0348599859644586e-16,9.393377715466113e-20,1.5148406722638493e-12,6.936236479813183e-11,0.9999999999291227
1,0.010301149006653154,0.9542127194552477,0.035463193585792856,2.2879362802990794e-05,5.858950307240017e-08
2,1.0244217893065786e-09,0.005836345926106529,0.9110286605684792,0.08312653742948214,8.455051510429346e-06
3,2.352364039557026e-16,8.313666944260611e-08,0.012464487371083102,0.8899749079219218,0.09756052157032555
1,0.0010164354784470868,0.9948705883340159,0.004112975204268589,9.816517310312844e-10,1.6167083876869012e-12
1,5.338921688700671e-05,0.9989392515838914,0.0010073552975368588,3.901684875000852e-09,3.010117476700252e-18
4,1.8488784236775036e-23,2.983325879775359e-22,2.6443660365509474e-15,4.846060855827867e-13,0.9999999999995128
4,9.076509794931397e-30,3.743281294975018e-16,3.090649443379969e-05,0.0640085473801472,0.9359605461254186
4,1.6797420530426038e-34,8.571373782553193e-20,1.396081600734247e-07,0.007748311927394839,0.9922515484644451
1,0.06184151709128742,0.9356711504778131,0.0024829435173777652,4.387773694675258e-06,1.1398271983450812e-09
3,1.2058614874160632e-14,8.24896598837054e-06,0.06714615018788991,0.9157439454520295,0.017101655394080054
2,6.126648654462896e-09,0.021362937318610387,0.824386461851105,0.15419240096461068,5.819373902529697e-05
1,4.946466659481617e-06,0.998057378244752,0.0019376545694527515,2.071913588823709e-08,1.703885576393222e-17
1,5.833945741721753e-06,0.9934498596125467,0.006544165831019982,1.4061068804922034e-07,3.608653520024626e-15
1,8.397740750165983e-12,0.8305899024417854,0.1694100792766249,1.8273191876164563e-08,8.750601049570587e-21
2,1.1654830402496913e-06,0.01409067289528422,0.8019945876479275,0.18088866975456522,0.003024904219182749
2,2.516809831620146e-13,0.015975516261472374,0.9832830773927024,0.0007414059381210235,4.0745254844223926e-10
2,8.393531117276541e-06,0.2420465390072466,0.7388629351394317,0.019082096337229605,3.5984975037248826e-08
1,0.00015651862486409834,0.9739051222659179,0.025789897614217544,0.00014846107811651015,4.168839689966005e-10
4,8.722148975642554e-16,1.0679397047844955e-13,6.060825911052578e-10,9.03960346419302e-08,0.9999999089977752
2,2.3756722501736655e-05,0.04701259282765204,0.8748746035983023,0.07646700417872529,0.001622042672818501
4,6.1815617150206025e-18,2.128414609367537e-20,6.321373048059896e-13,1.142735559053891e-10,0.9999999998850944
1,0.013109361454370957,0.9852326066346476,0.0016580317257969442,1.7456847471170763e-10,1.061635787525567e-11
2,8.054341089518744e-10,0.008479356016535948,0.8782315175409289,0.11328239824368028,6.727393420723193e-06
1,0.0015373362753928592,0.9641342453277815,0.034328231529863217,1.868154986980524e-07,5.1463648713205556e-11
3,2.9011408832402394e-21,6.097373145916208e-10,0.025645462447206314,0.961492096840553,0.012862440102503498
3,1.9456449809496561e-41,5.765135966965373e-20,0.0009078928278182308,0.9990921005634935,6.6086881514771656e-09
4,3.58898829806353e-23,2.793936281020243e-13,7.566227086757415e-08,8.667107907974488e-05,0.99991325325837
4,6.463553821645448e-20,1.3970575004344778e-08,0.00852966962370762,0.3102273409514913,0.6812429754542261
2,8.896498599865624e-07,0.08252458862193307,0.9116027248997869,0.005859009084256096,1.278774416399886e-05
0,0.0024382558156024665,0.9970443703834211,0.0005173690215183371,4.779457714184961e-09,4.2837964759601037e-16
0,0.9888660710036864,0.01113383575210177,9.324415808128647e-08,5.389888180770216e-14,1.2303473598039837e-21
1,3.673895333187718e-05,0.8386494681858606,0.16131051014585926,3.282029302101323e-06,6.856463161256872e-10
0,0.9895191512443504,0.010479482743248001,1.3660115539990004e-06,8.082189008706276e-13,3.959480525119987e-14
2,3.5446625062833483e-10,0.17560741081787443,0.8241897325548904,0.00020285586711060852,4.056581175979107e-10
1,0.015563612210992991,0.9842532828739147,0.00018310208205322162,2.8330390034754755e-09,1.7724202787716223e-18
0,0.0005238760558293751,0.9994658862521604,1.0237344813415209e-05,3.4719688858281415e-10,1.7635841796346533e-20
2,3.599585083807251e-08,0.020888514125926655,0.9790150456489386,9.635504701478208e-05,4.918226902526557e-08
4,3.7541968079102753e-26,3.753151066882562e-12,1.8205071460106705e-08,5.678666377924607e-06,0.9999943031247974
4,1.307857912331342e-45,6.220725712203475e-25,5.53315248349625e-08,0.00047652779676621385,0.9995234168717089
2,2.511757676733087e-08,0.18033006799460166,0.8180892678081608,0.0015791927003438856,1.4463793168121756e-06
1,0.0009723994955983664,0.989644701231345,0.009381009752987808,1.889517672568785e-06,2.396419337282538e-12
2,2.782372917849751e-10,0.008321381913601838,0.989351643019117,0.0023211276641123615,5.847124931548658e-06
2,1.8041767447826058e-20,4.825924821380143e-08,0.006598027662590515,0.9806340039733611,0.01276792010480019
2,6.109112099887782e-10,0.021891618790046898,0.9774205060438469,0.0006876373060145301,2.3724918057432503e-07
2,6.945232662921656e-10,0.02015773551779449,0.97859936769292,0.0012424333082414498,4.6278652094856695e-07
2,0.0002208214207846422,0.08668803638257923,0.8365151076780855,0.0757795926365963,0.0007964418819541984
2,1.0129472138569978e-06,0.027523349442106507,0.9235869526624259,0.048813420560462985,7.526438779076114e-05
1,3.0107190264788814e-07,0.1244278268865864,0.8738796425022186,0.0016914429386838846,7.866006083746089e-07
4,2.5370344852826922e-30,5.4419131945472825e-15,9.31715971888831e-11,1.0618537109829557e-07,0.9999998937214518
4,2.0392480306600732e-18,2.7906793460398357e-11,0.003944353979990197,0.41741457991618147,0.5786410660759215
1,0.008495901753489937,0.9895594103868087,0.001944369509004745,3.182655395779259e-07,8.515698410878225e-11
1,7.775269395871055e-05,0.06128972646638175,0.8499446365505798,0.0879126669170477,0.000775217372032029
1,4.23461039035088e-06,0.9935924046502517,0.0064033007680319555,5.997132603047887e-08,4.914283343997647e-17
4,5.395958613930669e-23,5.477774194005806e-22,1.7629616095382828e-14,3.237263853449495e-13,0.9999999999996587
3,9.714367642440074e-26,5.760593330619949e-10,0.0023058231274899763,0.9681613156371273,0.029532860659323493
4,1.8756099771089047e-33,8.414737637368748e-14,0.0002693569620579094,0.4097726643513821,0.5899579786864758
2,5.28422371947303e-11,0.018189106586172236,0.9761399505257115,0.005670752432263116,1.9040301110866596e-07
2,2.930162899298459e-11,1.0214781992076039e-05,0.9591064078586822,0.04087175301927905,1.1624310745001966e-05
1,0.17418562556812536,0.8242485304080578,0.0015631402457928548,2.7024823731849406e-06,1.2956506970315838e-09
1,0.00018038509161832998,0.9994658442785046,0.00035376681924054063,3.8106366081712476e-09,2.9439340878385773e-18
3,2.2089242260629215e-10,0.0004886238813893149,0.06393270582431036,0.9312694942115431,0.004309175861864844
3,1.1234388280022264e-19,1.2176780783240176e-12,0.0005506559524899046,0.21840632821850403,0.7810430158277885
1,0.08114989225134686,0.8620616605137902,0.05598818451811267,0.0007949558904162891,5.306826333929381e-06
2,1.2879945359927018e-08,0.04214916136059347,0.9572584224545503,0.0005920427142167546,3.6059069398580495e-07
1,4.3163842829193e-11,0.9833470755992616,0.01665292386243431,4.951402324412894e-10,5.088127916894263e-22
0,0.731881068209964,0.2681170673715773,1.8644179034648757e-06,5.553258015252791e-13,1.870418842775392e-23
1,8.12350380833872e-07,0.9932944484314876,0.006704732082286739,7.135844767457354e-09,1.750318330652009e-19
1,0.0013475846376736537,0.9846178237178539,0.014034569386195062,2.224999101372382e-08,8.286268874227436e-12
1,0.0006298564846426087,0.9965381478351428,0.0028318857938939637,1.0988631880030693e-07,1.6744430131008313e-15
4,5.240839582735298e-19,3.1468433502007142e-21,2.9008388844016214e-13,4.2456523362307284e-11,0.9999999999572533
2,1.3039881760618397e-11,0.05305347137706961,0.9461539351934638,0.0007925912938925605,2.122534100395123e-09
3,1.058097921081424e-32,2.7622316921366413e-10,0.5779052505934283,0.4220947313604531,1.7769895263291386e-08
2,2.897175265634975e-12,0.0007283719267297202,0.343200467988917,0.6560707414453382,4.1863611785253976e-07
3,8.342079119485361e-21,3.6135432172594317e-10,0.010593046947079474,0.9603646484192633,0.02904230427230274
1,0.002786620406940124,0.9928543493151865,0.004359023309287163,6.788140322462236e-09,1.804458552857573e-10
2,7.777362999412617e-08,0.08124872760526354,0.9181220000892765,0.000629040735178696,1.5379665132251115e-07
1,1.6922766479115967e-07,0.9940903277319996,0.005908868512764052,6.345275716442447e-07,2.2356936612727857e-17
4,2.5448119886609735e-18,3.4825910128871046e-15,1.5253501199220316e-10,3.015227009101875e-08,0.9999999696951913
1,0.00011090079937592677,0.9992392631424034,0.0006496100193472768,2.2603885943674614e-07,1.3906955577414234e-14
3,3.025183365924726e-19,2.0195452300883503e-07,0.0587642952902205,0.9334279334915444,0.007807569263712156
3,3.5221547685391435e-11,0.0017368676192254762,0.09551164122128575,0.9000762944502139,0.002675196674053402
4,6.504224438466406e-28,1.026718438346526e-15,2.059732188702451e-12,7.469269198657424e-10,0.9999999992510122
4,6.06768094268356e-18,2.199201074961695e-20,6.527442441824729e-13,1.1624083975712206e-10,0.9999999998831064
1,0.0012394752826305833,0.9963561705572906,0.002392478838356931,1.1875310349199238e-05,1.1372701667900225e-11
2,4.1938919129389023e-07,0.007772300665305453,0.8989598277708823,0.09256472150744363,0.0007027306671772305
4,5.062531555547821e-24,1.8187724125413964e-23,3.353651801536546e-15,3.965609099563871e-14,0.9999999999999569
2,8.971106357698816e-10,0.008100877120763848,0.7246890625179634,0.2672017517824098,8.30768175231592e-06
2,1.1534093636810607e-07,0.011752782361251128,0.9383617907400792,0.0497363211021953,0.00014899045553793254
1,0.0008267810083726416,0.9916964899624764,0.007475829256210438,8.997726819238581e-07,2.5878147119678654e-13
2,0.004374709172122599,0.513537956335227,0.4594208179449114,0.022334260371061208,0.00033225617667770747
2,3.215343597796464e-13,0.0005334080515136124,0.998401006332608,0.001065584332926723,1.282630091510743e-09
2,7.838078112808813e-10,0.0031391466309232366,0.9047680108293213,0.0920784789316025,1.4362824345171145e-05
1,0.0047857185050196255,0.9206165416023949,0.07400429514859837,0.0005934390268673469,5.717119519036938e-09
1,0.00034637527506321944,0.9992504303648375,0.00040319337583081296,9.84268346431535e-10,2.386998298004471e-18
1,3.6420080126009675e-05,0.8391403243426779,0.16082001796227488,3.2369426539727093e-06,6.722671155170993e-10
1,0.006069739023529252,0.9737433687764835,0.020186832766930736,5.885012555016675e-08,5.829309523778666e-10
2,1.2241480984887986e-13,1.922606856518304e-06,0.9940389200030424,0.0059590133410793835,1.4404889940555239e-07
1,0.06537300576303769,0.9268664228297108,0.007760564388251896,6.5823756399345135e-09,4.3662423439163263e-10
2,5.378088185954437e-05,0.9122094638556268,0.08734355574309303,0.00039273174461573165,4.6777480491049633e-07
2,6.0286069026958864e-05,0.2534721999334404,0.5635376771662292,0.1828762965770762,5.354025422731794e-05
4,1.8644726039155028e-23,3.2106977227356756e-11,1.6187989095651453e-08,1.4704126195947057e-06,0.9999985133672843
1,0.0010746529217157794,0.9294204863337214,0.06923579631467769,0.00026905625532682267,8.174558254075732e-09
2,3.8619883809222584e-16,6.793598244203214e-05,0.9717170618546654,0.0282150007126776,1.4502145120786074e-09
4,6.635868567326904e-28,1.0142034646294998e-15,2.0056734641283093e-12,7.206755707205903e-10,0.9999999992773176
1,0.0026372916398938275,0.992981788266132,0.0043809133310828115,6.588657359410031e-09,1.7423393845822649e-10
3,4.21625022511113e-15,1.6898439193418393e-06,0.0771571140303905,0.8055724936588674,0.11726870246681853
1,0.01273542148029334,0.9866485794410356,0.0006152726546500687,7.264238402551537e-07,1.8083724483271325e-13
0,0.998720094509119,0.0012798992749414374,6.215939712912319e-09,5.944446329213211e-19,3.2824980956139735e-17
4,8.092352185570683e-26,5.171429198114395e-12,0.0007739477552634974,0.9537836364122093,0.04544241582735566
2,6.614260128139075e-12,0.008809512447321225,0.9907072367789963,0.00048319198666815934,5.878040003373328e-08
1,0.036060064648939426,0.9635850280033174,0.0003549072762737716,7.146954095769383e-11,8.500328588857029e-18
4,1.624941358761627e-19,2.896600085557082e-12,3.3941523771744044e-07,0.0004578290970615012,0.9995418314848041
1,4.060925139704385e-05,0.8351391818201239,0.16481652224842064,3.685863314222827e-06,8.167441080337286e-10
4,2.5852660453125704e-21,9.237361371834804e-21,3.5397578626642515e-14,2.1488967010898048e-12,0.9999999999978157
4,7.417997186655431e-18,2.783984303821804e-14,6.6061204274870456e-09,1.9005008277867624e-07,0.9999998033437689
4,1.1630053024386477e-19,4.13957221835106e-22,8.58564282896105e-14,2.575961631432083e-11,0.9999999999741545
1,0.004016658111621199,0.988540542582922,0.007440237970184924,2.561335248223731e-06,2.389511308226014e-14
1,0.016795865343168292,0.9784814334575455,0.004722700763488377,4.357979313501672e-10,4.072912897988814e-17
3,9.360311158325489e-19,2.7986787022657986e-07,0.05987348187112178,0.9309788224322793,0.009147415828728717
3,1.8569442299362375e-16,4.833380879820739e-06,0.19801802069878616,0.8019578058505923,1.934006974138517e-05
1,2.1526997547906204e-22,1.732264662551529e-08,0.9999041135912744,9.586908607904724e-05,1.4462475918124071e-21
2,7.673072964206182e-12,0.02205595847945186,0.9763258727549314,0.0016181634618741938,5.296069501064574e-09
1,9.71762855976088e-08,0.4476460146836834,0.5523407912720729,1.3067367900684098e-05,2.950005747180143e-08
1,0.00013645511700215352,0.9976875220862597,0.002154368550100484,2.1654244064638443e-05,2.573053650465233e-12
2,4.378296353684175e-14,1.6313318218549958e-05,0.001975029095951329,0.9980086571815386,4.042476461149042e-10
4,1.3268338022133625e-31,1.6044185713913778e-16,4.680145281191291e-13,1.874468694675399e-09,0.9999999981250631
3,2.815856421329067e-22,6.765905307194045e-12,0.0007583037315848064,0.5002524642140991,0.49898923204755014
4,2.9468889711640182e-18,3.626246798145996e-15,1.5516986475105605e-10,2.9337096378196463e-08,0.99999997050773
2,4.0452211808834415e-12,0.008925754582481871,0.9534113746226629,0.037657849167061434,5.021623748563276e-06
2,8.941839453088933e-09,0.038522758592097806,0.9546840848769076,0.006786539520599791,6.608068555220259e-06
1,0.0021423488161993725,0.989552641902315,0.008227862368783033,7.714678502340302e-05,1.276793237919715e-10
2,5.672777416723007e-07,0.007777211498929039,0.8928108365619756,0.09854064253448608,0.0008707421268675949
1,0.00016945943946021353,0.9992624458681627,0.0005674655625533665,6.2912982326038e-07,5.145058000291649e-16
2,4.3491556579495156e-08,0.006199840277913828,0.9866576128989821,0.007142502860871883,4.706755515296492e-10
3,2.3610446851825233e-11,8.076621489898014e-05,0.32669680144602437,0.6333297502579922,0.03989268205747411
4,2.9721494386360903e-09,1.727222651541075e-10,8.138926840921112e-06,7.281139956862943e-07,0.9999911298142916
4,8.89561413664249e-36,1.6684127735974648e-20,1.643026360890281e-10,0.00010082988406006958,0.9998991699516374
2,8.638181280148308e-22,0.0002480367863135409,0.9994794860959743,0.0002724771177117546,5.195791472175045e-16
2,5.310410425964993e-11,0.01847261112868561,0.9783199431926629,0.003207390842221038,5.4783326264587946e-08
4,2.136265350551773e-31,1.0828815418212758e-14,0.00015348333630822632,0.21002869122131476,0.7898178254423661
1,0.0014543876329533617,0.9699703733605429,0.028364526295768928,0.00020924273000217218,1.4699807327007682e-06
2,5.021305073457716e-09,0.030809896957835623,0.9479269215502601,0.021262223330774446,9.531398247758322e-07
3,8.15654951527113e-23,4.9599209160104925e-09,0.011188523361920619,0.8553457227511025,0.13346574892705604
2,4.125945666944299e-09,0.0028294567396455533,0.997053618124226,0.00011690616208864831,1.484809431189696e-08
0,0.7636855111064558,0.23630694944085445,7.537930263854368e-06,1.5221780859553076e-09,2.477969281260749e-13
1,0.0001490581805992474,0.9772973712965554,0.02212731903787779,0.00042625084419800776,6.407694750308711e-10
2,8.746632677672405e-10,0.007875985175411227,0.7287660971837798,0.26334946858674413,8.448179401469349e-06
3,9.972570799737882e-12,9.927728693345272e-07,0.11832600836469193,0.6800418456198422,0.20163115323262404
1,0.0016337321753208329,0.9949893593672575,0.003376907421756617,1.0269088137618228e-09,8.756307279647336e-12
4,5.015509358940142e-19,2.9210847565301976e-21,2.714974931624855e-13,4.1464655445838754e-11,0.9999999999582638
2,1.549254309488911e-07,0.13389870465357862,0.86596827060514,0.00013285385867169912,1.5957178529022086e-08
3,8.258634672024939e-18,2.581953178869313e-07,0.10111760159027358,0.8619658004186007,0.036916339795807704
2,1.3307846364629926e-05,0.3074785466189022,0.6924462979531659,6.184396486659485e-05,3.616700750697909e-09
4,1.7295483864894233e-26,1.7500672622312148e-22,1.9423040873219064e-15,1.1932646590761296e-12,0.9999999999988047
2,2.788409715446366e-07,0.04172624995322584,0.8939613553831216,0.06430502696347143,7.088859209466595e-06
1,0.013935317048712648,0.9841366094056725,0.0019271583830459324,9.147441773879407e-07,4.183917083243677e-10
3,3.62936326773998e-18,1.580893556808326e-08,0.013810843957336309,0.9641659336088357,0.022023206624892266
4,1.6639182196738276e-22,6.2798809186798756e-09,0.031014496160242152,0.9383060796791686,0.03067941788070843
4,2.5877952783863177e-14,1.0066423009748302e-07,0.04168150469499817,0.9322925388469261,0.026025855793819767
4,5.92288408918014e-18,2.3550781743655814e-20,6.935860211013492e-13,1.2095576169319986e-10,0.9999999998783506
4,1.2938770308821802e-31,4.735509197007652e-17,1.4408469711559488e-05,0.04018668050953127,0.9597989110207572
1,3.4944099930042837e-17,9.951874820644069e-08,0.0656195652458335,0.9181797392110648,0.01620059602435344
3,2.036186797941177e-20,2.562784911094538e-08,0.10644189492551231,0.8721334021403248,0.021424677306313828
1,2.4453001284072926e-06,0.9986094933550016,0.0013880416249440724,1.9719925776554605e-08,3.101177877199665e-18
2,9.989016114463408e-16,7.196371434932175e-05,0.9627439777071756,0.037184052373059745,6.2054144280846534e-09
2,1.4679029371136543e-09,0.10046484961020878,0.8973482676533661,0.0021868159533231348,6.531519903660616e-08
3,6.684773997245849e-13,2.0275522791159583e-07,0.0213102231362817,0.7434100976602379,0.235279476447584
1,0.0005323375022174067,0.9962677709291287,0.00317956669123914,2.03248736599242e-05,3.75479398667536e-12
2,2.346419289494305e-09,0.020269398607451486,0.9788989602594155,0.0008309942247918265,6.445619219552115e-07
1,0.0014406587146673726,0.8448621344581702,0.15321887834092887,0.00047832471925848217,3.766975259036452e-09
4,4.63970626416149e-19,2.617267307461104e-21,2.5550023683959363e-13,3.988346313601102e-11,0.999999999959861
4,3.009411512918291e-18,3.867512229966471e-15,1.587448212355531e-10,3.0606617374416294e-08,0.9999999692346341
3,4.869556768076808e-08,0.8704331570611824,0.1295487648085645,1.8029434685440742e-05,4.532833663063356e-17
3,3.056194294182822e-13,9.238319117624329e-05,0.08175081077741957,0.914415699260612,0.0037411067704867466
1,0.0034578361745656854,0.9907980059063644,0.005744156954400032,9.64368846337011e-10,3.010507810345403e-13
3,6.098060658701966e-19,2.307009196530853e-08,0.008068956275980487,0.9915623649341172,0.0003686557198103527
4,2.766174282977061e-19,8.054176058531769e-09,0.02188110926687945,0.16515729279384947,0.8129615898850949
2,4.090978868773149e-06,0.02738234792020814,0.8210117342293586,0.14919253426553933,0.002409292606025033
2,1.207614985289573e-05,0.2752627506325999,0.6968834984638568,0.02784163398215309,4.077153744123177e-08
3,1.1615453148227956e-19,6.424436746162784e-09,0.008216111280454292,0.9538337880670812,0.037950094228027725
3,4.539656067603089e-16,2.8385823621898226e-06,0.03468639602573814,0.9554324620742936,0.00987830331760577
4,4.714748588910842e-33,7.452730765014574e-27,1.698817599007341e-19,1.3488373442885979e-14,0.9999999999999865
3,5.7502729331009154e-18,3.128197250710212e-08,0.027325071209562925,0.887715929392988,0.08495896811547647
2,3.88322935794761e-09,0.005213325498653019,0.5215331578362977,0.47283404915275457,0.00041946362906540314
2,5.838726513457012e-05,0.9465143644216911,0.0534141465201875,1.310179298204051e-05,4.559557817132847e-15
3,1.3120652017747319e-19,1.3127002515094064e-08,0.007003831769697086,0.7835309071221358,0.20946524798116445
3,5.018452267008518e-19,6.168451479366999e-07,0.10838836979576362,0.8856003131772301,0.006010700181858288
1,0.00038825494258600354,0.835894931256438,0.16226994103144807,0.001443952532925279,2.9202366026381644e-06
1,1.9669218708058586e-07,0.9947301433086911,0.005269655776648757,4.222473070516744e-09,1.5812635199534527e-18
1,0.011829452628557512,0.9875610263938301,0.0006088045423919005,7.164350480244187e-07,1.7250998921387908e-13
0,0.9995657553978966,0.00043424424211389314,3.5998950003984204e-10,6.6420315583711965e-21,2.8228229874152305e-30
1,0.0032489090561790457,0.9962297486635909,0.0005213369787970769,5.301432859797176e-09,2.260668836774534e-16
1,1.905520554406324e-07,0.9907239875100577,0.009262227964755926,1.3593973131034523e-05,4.5193341709498226e-21
2,2.033078668624867e-13,0.00016855159881849492,0.6810392092133992,0.31879199739894126,2.417886376318111e-07
4,1.863187077440325e-16,2.2502766280226565e-07,0.014676882883309358,0.372768449965761,0.6125544421232668
1,7.536809347917039e-12,0.00021418178913736944,0.7814687684963066,0.2179964524245556,0.0003205972824635403
2,1.219541050716673e-14,0.00952948418772475,0.989974320536788,0.0004961951901329496,8.534209804166395e-11
2,2.956125752424327e-10,9.542845478993636e-06,0.35699274968229505,0.5405881316093489,0.10240957556726457
2,8.879933211822667e-10,0.008013633939659766,0.7245025484900804,0.26747545365235176,8.363029914576971e-06
3,8.816108758754227e-20,3.3148448837505154e-09,0.003740794806173739,0.9637472584014343,0.03251194347754711
2,6.912455009680569e-08,0.05386919741880728,0.9431175917994032,0.0030131173266530887,2.433058619520094e-08
1,0.00039337522498989055,0.998887321310699,0.0007192824878837006,2.097642754620087e-08,3.510509596745221e-17
1,0.7477538447713885,0.2452721974365632,0.0069712432614772064,2.7145222234594356e-06,8.347537517966391e-12
3,4.2221625736885585e-20,8.295456508468107e-09,0.1249282204567634,0.8745844670957759,0.0004873041520043449
4,5.803542239755988e-28,1.1541964890630188e-15,2.5651755447638785e-12,9.60288582269662e-10,0.9999999990371451
4,1.9938474993676016e-29,6.873006958297151e-14,0.00010490287720411728,0.9526485591016723,0.04724653802105466
1,0.0003347555649868799,0.9928266712491133,0.006782061108724571,5.65120272419667e-05,4.993346688587695e-11
2,4.226546320103173e-21,2.2191528699354827e-10,0.0010914260667431307,0.5073193813938531,0.4915891923174885
2,1.1475953622491265e-06,0.014086096329597519,0.8030593784102126,0.1798540969765875,0.002999280688240247
2,1.7170082462597053e-09,0.03408812276555339,0.9485732264242509,0.01733274891297035,5.900180217116857e-06
2,8.745694092218643e-19,1.9611120119252334e-06,0.9790441678613425,0.020953801447940627,6.957870508310241e-08
2,9.496727933081772e-08,0.03299680208951423,0.9149310829605645,0.052071504376117114,5.156065250462054e-07
4,8.775543966871829e-29,1.2738068755134289e-14,4.1054719200468674e-05,0.07400008117082897,0.9259588641099579
2,1.6792147006223084e-12,0.007824243485797133,0.954970600352574,0.037201868982044944,3.2871779047381286e-06
2,9.945602551779419e-06,0.035444344308919504,0.9065363641395747,0.05715375419339113,0.0008555917555628842
3,1.2898463950942593e-21,6.923591170105504e-08,0.10120709110551236,0.8955264476285156,0.0032663920300603573
1,0.0650550994138191,0.9339457319768003,0.0009984560185639238,7.124347832165588e-07,1.5603353480998447e-10
4,1.2900266092525311e-26,8.110029166731046e-22,8.259737426791442e-15,2.9819265970125512e-12,0.9999999999970097
2,2.699228188759974e-12,0.0030557504659162547,0.9969424289294225,1.8206015914201187e-06,3.704661063049387e-13
4,1.1954700848952414e-23,2.0149643855340468e-22,1.5819341703755062e-15,4.1035720954678294e-13,0.9999999999995881
0,0.7275277568157882,0.27227875374860655,0.00019345449350788497,3.494209045918177e-08,6.917477816528326e-15
1,0.016109051603900835,0.9837187931616972,0.00017215155745986343,3.6769421987760455e-09,1.7994680823915755e-18
3,1.6581426910861318e-15,8.619631575308606e-05,0.3782222379572798,0.6216318345922435,5.97311347219662e-05
2,2.0297901572881494e-14,0.00013847405268684355,0.7815440890211305,0.2183174252634688,1.1662693624904564e-08
3,1.540175169328634e-11,3.115348892504533e-06,0.07629979513201968,0.7464049454831716,0.1772921440205145
3,4.18377107332156e-14,1.4314319015900412e-06,0.0627491856004473,0.9063257043515026,0.030923678616106745
4,1.13531498531203e-32,9.186213064893677e-16,2.2040682637370783e-05,0.10672844940000911,0.8932495099173525
2,1.880288749818726e-09,0.04244402069833222,0.9347491720627947,0.02279939651901298,7.408839571472995e-06
3,8.362113794532934e-21,3.6273536743477337e-10,0.010595109945034719,0.9604613118852815,0.02894357780694852
3,5.478132467316824e-08,0.005450626440950764,0.22477892152518328,0.7174747602535322,0.052295636999009174
2,2.2973735769697108e-10,0.012945947025549239,0.9345532535560053,0.052493585739581024,7.213449127083833e-06
2,2.83930292579343e-07,0.01126604233459117,0.9885861555568914,0.00014726622537659926,2.5195284833291374e-07
3,2.2257285556712908e-17,9.93004441246135e-08,0.001641234600971217,0.20962862540933572,0.7887300406892489
2,8.701025320791258e-13,0.014770291277381198,0.9850788634119114,0.00015084528762922123,2.2208040677921965e-11
4,6.207645133680593e-28,1.0657349898424086e-15,2.2191006918667584e-12,8.190112652165097e-10,0.9999999991787685
4,3.705896413697893e-20,5.653637165020632e-17,1.0859183923621093e-11,4.714963551453261e-10,0.9999999995176445
2,7.680648748218828e-06,0.23446549516457893,0.7481450409907471,0.01738174828993817,3.490598760223939e-08
1,0.002283339770141477,0.9945169046047855,0.0031997545025408023,1.1128952492385923e-09,9.636995745082668e-12
1,0.01061937304277955,0.9882854150815384,0.0010952099355130468,1.9401679017318384e-09,1.0450334829478708e-15
1,0.004405305692076583,0.9937882493967994,0.0018057569261886888,6.875837775312516e-07,4.0115786966249135e-10
3,2.2482250720042127e-09,0.00013261655227445922,0.057204528483166456,0.550939141376726,0.391723711339608
1,1.9335375659665535e-06,0.06622575447290303,0.9139063985007023,0.01986505827458144,8.55214247339641e-07
4,1.1815736020361346e-31,1.5205075809723351e-16,4.554157475914932e-13,1.9321627597732532e-09,0.9999999980673817
2,2.2474597165171977e-07,0.3151502878805955,0.5643817064646444,0.12046608482196476,1.6960868236201398e-06
0,0.6014218277283585,0.3985479744819067,3.018627038446347e-05,1.1517273416805161e-08,2.076874762115444e-12
1,7.160175493478008e-16,4.914946415699667e-05,0.17279509006099716,0.827036549590075,0.00011921088477003254
1,0.00037665632896887797,0.9990855223244094,0.0005374807312210324,3.406153826965377e-07,1.8149974854381226e-14
2,4.284759036781366e-09,3.611137169427757e-05,0.2181689928629053,0.704864060230747,0.07693083124989453
2,1.673912174418016e-08,0.034652982692693096,0.9628645019373618,0.002481133726471747,1.3649043516918225e-06
2,1.3383647642416212e-05,0.9360982973795973,0.06230076679516555,0.0015875509512602388,1.2263343626826946e-09
1,0.0005168757838675214,0.9984557204561654,0.00102736157713714,4.21828296893608e-08,1.5475736018490272e-16
2,4.625955591815195e-07,0.0012918240451092846,0.3107807327199872,0.36871847554648657,0.31920850509285775
1,0.0159045848413121,0.9839201559730761,0.0001752560567270404,3.1288847737037814e-09,1.7655813438593338e-18
