target,prediction_0,prediction_1,prediction_2,prediction_3,prediction_4
4,5.0475593241962264e-61,3.342524083073706e-38,2.8690575215202663e-27,2.368477863859333e-31,1.0
1,0.00012599340240597567,0.9998526145582346,2.1392039359408746e-05,2.0689823478227216e-17,9.477932140853153e-19
2,3.820062651159019e-30,3.425430260075084e-19,2.1234010406660354e-07,0.0024639767000515624,0.9975358109598444
2,2.0496943008478617e-09,0.0013539007915653945,0.9864017097942058,0.012241697432232997,2.6899323012762963e-06
1,0.001473835624332086,0.9026697326482219,0.09585589644417153,5.352784550853969e-07,4.819360898706342e-12
1,4.2826309636194237e-07,0.9390250125526309,0.060974550472009996,8.71226283382651e-09,2.273020573521541e-18
4,1.1379731015792758e-13,1.085675182392712e-11,0.00012172457005390984,1.7993567179123425e-10,0.9998782752390399
4,1.2311043755535866e-24,1.140535183682818e-14,5.36344043200525e-07,9.120628177899623e-06,0.9999903430277675
3,3.210442961302821e-34,7.719565849752406e-12,0.04374957827962994,0.9562504089322508,1.2780399610588151e-08
1,0.058714909981031495,0.9397417038087009,0.001543251971983785,1.3416756102583608e-07,7.072272191039691e-11
3,6.851254885223037e-15,7.056272418074789e-10,0.0033907046670637957,0.9861256987078781,0.01048359591942414
3,2.2337618573957672e-26,3.628804705896531e-10,0.05627468835893392,0.9437250919921785,2.1928600712624348e-07
4,7.584717346441205e-115,3.264462767504309e-89,3.262935860828775e-42,2.0107141426012638e-72,1.0
3,3.3319758661365e-14,1.084853559890984e-08,0.008400750163688254,0.9865168520780558,0.005082386909686972
2,0.8762337258877866,0.12357639867489331,0.0001896484596561527,2.2697703595286236e-07,6.280657420881064e-13
2,7.804008731133205e-18,0.00010752419227714035,0.9642458254236707,0.03564665038016781,3.8845442506681704e-12
4,1.1681871027006636e-10,1.1807339050459032e-09,0.0007186037340662392,8.229002188398147e-08,0.9992813126783593
4,1.3072039780577644e-32,1.7218081179829024e-25,9.733080844586523e-08,0.0020731437800594423,0.9979267588891322
2,1.6128308788536987e-20,4.9520026470906376e-12,0.0028197247773018535,0.07874763069499667,0.9184326445227495
1,0.00040579394006402575,0.9988865009062556,0.0007077050149372009,1.3874321064075265e-10,1.9242216867349886e-19
4,2.46975725960974e-26,1.391548136115247e-15,1.9795135974567898e-05,0.1869141946972295,0.8130660101667945
1,1.2475310059694472e-16,0.9999646331625704,3.536683742916967e-05,3.0364934213175833e-16,2.829515221838667e-29
0,0.965948207603706,0.03405171738291277,7.50129822561824e-08,3.9901900768485855e-13,1.2606677518097418e-23
2,0.008825370976275396,0.990945009371922,0.00022953409180916575,8.521026480901584e-08,3.497287602474445e-10
2,3.765795561349921e-05,0.049611878958564774,0.9293129657559949,0.021020806880401113,1.669044942590676e-05
1,0.6487602264267723,0.3512397728929481,6.80279587740695e-10,9.250288419679375e-25,5.827120431385649e-24
4,2.289557803642152e-18,3.622624525080312e-08,0.024239393786158563,0.022643340623590788,0.9531172293640054
2,6.317383265159665e-05,0.9999367313378051,9.482954321900744e-08,4.101907911366341e-17,8.275803352148832e-22
1,3.435681232160509e-09,0.02092303162374516,0.9790633927157789,1.3572112016530998e-05,1.1277812549815696e-10
4,4.380572770194112e-44,1.10395493189365e-23,7.284168609979513e-09,6.396312923268599e-06,0.9999935964029081
0,0.09782265205656253,0.9014225696452635,0.000754741054152805,3.7238980031847076e-08,5.0411401091083395e-12
1,8.39447561407448e-11,0.9999675735528671,3.2426363188119835e-05,4.7024460276700154e-20,1.297390900388793e-24
1,0.0482162324196164,0.9506066417034401,0.0011770689230463217,5.6487515435832826e-08,4.66381865384804e-10
3,6.076449546432465e-19,1.2672598716172068e-06,0.11914064219203076,0.8808573773887222,7.13159375530159e-07
2,3.6751347032186193e-10,3.335366259683865e-05,0.9969186291368136,0.0030452654136747122,2.751419401409206e-06
2,0.000518678617102026,0.4461065070571883,0.5526113715566698,0.0007626541668842177,7.886021556338665e-07
2,0.0002479244315562239,0.6928269683865469,0.30689718509296443,2.7921208897984254e-05,8.800344110642269e-10
1,6.125220180349928e-07,0.8466134054651145,0.15337700671497248,8.975297894871226e-06,1.0449933014136952e-21
3,2.3541028007030057e-25,1.6710679269770002e-09,0.01762405164455839,0.9823744005896762,1.546094697483551e-06
3,6.356057651292099e-13,1.0885106295861207e-07,0.06448900963148906,0.8362736314142756,0.09923725010253673
1,2.6163240906184967e-09,0.9999352008560511,6.4796527624713e-05,4.434470705061512e-19,1.100418898081623e-22
1,0.0002093897477542735,0.6745369224940396,0.32517193797820876,8.159468596021982e-05,1.5509403736469107e-07
4,2.1234664318468507e-19,7.733501202812087e-10,0.0019084746806122875,0.0036932733228877746,0.9943982512231498
1,5.740810318050312e-05,0.9999418581883444,7.337084751898016e-07,8.166235330735405e-20,1.1812087005440663e-22
4,9.932553969181282e-48,1.1080236748378719e-26,1.3922851195878678e-07,0.05908373236143963,0.9409161284100485
4,8.093624108946246e-26,3.3214528105187207e-13,0.21377536400758845,0.7759390210996279,0.010285614892451427
1,0.054209624190513984,0.9412447494446339,0.0045453993678014285,2.2698747557159236e-07,9.575058174913268e-12
2,1.184203143575287e-17,2.6959543670696455e-05,0.9999715885948729,1.4518528893157636e-06,8.567077611947516e-12
2,5.723718274927224e-14,3.701817077822719e-06,0.1970774088154148,0.8019245917714691,0.0009942975959810923
3,5.925802814736181e-20,1.0780724077340564e-07,0.0672807308457916,0.7408718772755597,0.19184728407140794
4,3.927804728392561e-29,2.1333262800106918e-28,4.213874881528228e-15,1.9227303829512999e-10,0.9999999998077227
3,8.2217012664929e-09,0.00032635990211570746,0.5764119098743389,0.4232475728132514,1.4149188592794941e-05
1,3.012743702287626e-05,0.9980269751873676,0.0019317677084372013,1.112960787927875e-05,5.929332878081876e-11
4,6.569924714589248e-24,1.8399917236171657e-15,0.002980379627519241,0.9864587213230641,0.010560899049414731
2,7.589397352265724e-15,0.001733818091253171,0.9831718211089884,0.015094360752534815,4.7216045342982904e-11
4,1.4970315316674313e-44,1.435318832236445e-39,8.250740046316367e-19,6.556822256983164e-09,0.9999999934431778
4,5.820944047551246e-42,5.627237547553151e-27,1.4266381728367572e-10,0.00043553367509341676,0.9995644661822427
0,0.7531910992167775,0.24620214031266924,0.0006067602064892504,2.6406397470546734e-10,8.656902846326724e-22
1,0.0004322410925402271,0.999535166159714,3.251703435440117e-05,7.571303416853535e-08,3.570317430092858e-13
0,0.3023103316458452,0.6976616265922316,2.80417270259492e-05,3.4889177792673945e-11,8.111136478072095e-15
1,0.1259656638272503,0.8724641805468969,0.0015701067526188337,4.872639204239394e-08,1.468420319473471e-10
1,8.19442939184478e-09,0.9999683219047011,3.166990086946353e-05,6.515842689816822e-19,1.901330719559071e-22
3,1.2009162025224843e-16,6.15321034052221e-10,0.006930600049786167,0.9862936652480682,0.006775734086824353
1,0.008048342488065796,0.9740699320927891,0.017875854014115313,5.871405029203612e-06,3.8323943503830245e-16
2,5.788540416553772e-12,0.00019212301485711856,0.9842443770069091,0.01556349984799797,1.2444736125836264e-10
0,0.9734997507414287,0.02650024925842063,1.5069634200405903e-13,4.458285199215779e-28,8.968338849369973e-29
1,3.1258887054756916e-06,0.9617065839355314,0.038290286158710565,4.017052606721279e-09,4.548861934445009e-17
4,2.6038772088445516e-16,9.985287624273818e-12,0.001704227247218425,0.3308411737022867,0.6674545990405093
3,3.265195091350538e-40,1.1353043420714855e-23,1.7535823626983662e-07,0.03816031727263865,0.961839507369125
1,0.0008339104876623057,0.9919555475614752,0.00721035407246153,1.8787840110094103e-07,6.895662840321806e-21
0,0.000231053504617109,0.9982680915527399,0.0015008490924251058,5.85021788492318e-09,3.8809561136845364e-22
4,1.7912982912748045e-07,1.128241624555171e-06,0.060711909709088574,1.4864079609737289e-05,0.9392719188398481
1,0.0014090471498533672,0.9595224784145697,0.03906813968812508,3.347474517558123e-07,8.082862938796229e-17
3,1.6986387791118326e-10,1.6203695897283074e-06,0.027891807845353063,0.9686318873624744,0.003474684252718716
3,3.466665999686865e-13,0.00015852689725819977,0.9864833515000726,0.013358121568129874,3.419274767348411e-11
3,9.947527378587001e-16,8.304695738956305e-06,0.5204958013145305,0.4793733971819031,0.00012249680782630597
2,1.3573684578475988e-08,0.012330170862500598,0.4785950623604761,0.5090735066318173,1.2465715214563375e-06
3,5.404412469853992e-19,3.2699464061408875e-09,0.9989816689116522,0.0010181415777777243,1.8624062387706155e-07
0,0.906281938501866,0.0937155193637854,2.542133912794095e-06,4.264837775965612e-13,9.40629385632937e-15
2,3.1671485978979997e-15,4.965471613370372e-05,0.999537532914252,0.0004123706810077735,4.416886034659723e-07
4,2.2366938165974336e-15,5.347258175117577e-11,0.002298448990590561,0.09624068568202357,0.9014608652739111
3,1.0424177232528154e-41,8.43293789903433e-28,4.885530081601042e-10,3.163437632005807e-10,0.9999999991951032
4,2.8022108119667136e-24,1.51557000315104e-09,0.16204403008091967,0.062384928750732066,0.7755710396527783
3,2.512815225343803e-10,1.3933246913816826e-05,0.32839584328685123,0.6641969716337656,0.0073932515811877585
3,6.541623581505811e-11,0.9961879258252854,0.0038115179433805754,5.523769027103634e-07,3.789015133774126e-09
4,7.102579361807735e-32,3.1542404354121836e-16,0.0025469417578132107,0.9965956276393682,0.0008574306028182241
0,0.3401067973913969,0.6598932024642294,1.4437371538943616e-10,1.0080101852568218e-27,4.315932968466573e-28
2,1.4909516223237173e-11,9.729166877103218e-05,0.9504649737745364,0.04943773210988818,2.4318947901595425e-09
1,4.196421224364624e-05,0.039874571996858114,0.8986717617318913,0.06140473282922386,6.9692297830686955e-06
2,5.771030576690185e-36,2.1474736875885308e-16,0.9990796864280896,0.0006306356163403485,0.00028967795556969624
1,1.6422758924918976e-06,0.9947367135853278,0.005261641815340523,2.323439410802006e-09,3.717676416929807e-20
4,8.697720028224333e-38,2.930382361757575e-21,2.001826562896896e-19,5.5315144680552675e-28,1.0
2,2.132205367329914e-17,7.116159396085646e-10,0.03274105406190967,0.9672588163961874,1.2883028700753243e-07
4,4.439824211433501e-37,7.607625153973576e-27,6.341653738669031e-07,0.00048515349033417365,0.9995142123442919
1,2.7616688890132007e-09,0.9995595888278452,0.0004404084066882574,3.797576367448762e-12,8.381807076464455e-21
2,2.402363727594512e-18,6.726010773823213e-08,0.9934577445662469,0.006541506562491402,6.816111540934973e-07
2,1.4364704712122497e-20,1.1514478858914046e-13,2.0578126849841942e-05,0.009251960138708602,0.9907274617343265
2,4.3622134721535803e-10,0.001922646834033795,0.990469497917854,0.0076078547217370346,9.015400159217277e-11
0,0.999452462316235,0.0005333239505392667,1.4213597284845832e-05,1.3594092247297683e-10,5.4773318308044395e-21
2,1.3332834022733915e-07,0.00014130073386730616,0.9655579467210638,0.023106248430999895,0.011194370785728845
2,9.044802528326935e-08,0.050601506816539354,0.9493975683821241,6.880993176013328e-07,1.4625399363199286e-07
2,3.1519318763250102e-12,0.008212766709921224,0.9917851837524156,2.049415555803565e-06,1.1895536771314587e-10
1,0.09247180609902245,0.9060932670893697,0.0014349028926173562,2.3911613690879712e-08,7.376838111808935e-12
1,0.0005825694652516838,0.9699544458169124,0.029454561169325925,8.423548450222157e-06,5.980439669638028e-14
1,0.020769684461380052,0.9765489409215634,0.00268136328157376,1.1054006083249212e-08,2.8147671079840405e-10
3,8.936265825326626e-13,5.991819440153205e-08,0.032721301552447006,0.9606401818316411,0.0066384566968238565
1,0.24449513513499996,0.7535769272383622,0.0019277227451341605,2.141061526064281e-07,7.753512139237678e-10
4,2.8427437718617116e-54,2.537844403369937e-32,7.997634471958172e-22,2.6287824987708013e-30,1.0
2,6.936914035066712e-05,0.5046636304683911,0.49446810042008343,0.0007988994922150135,4.789597048870415e-10
3,5.681992658801971e-20,4.0348183994590556e-10,0.08661473404539165,0.8918426270895459,0.021542638461580506
2,2.9645518898515588e-08,0.28811436871596285,0.6820197837376375,0.029863833741708482,1.9841591723581875e-06
3,1.4986024886408434e-18,5.141557839962757e-10,0.04691243401161065,0.937204408055686,0.01588315741854759
2,2.2893272113813688e-07,0.19669713357621368,0.8032804277168089,2.2148911846964562e-05,6.086240932285464e-08
4,3.8781881447389155e-36,1.1033478811505076e-22,6.422132710511508e-09,0.003546797592988121,0.9964531959848792
4,4.781363813393127e-22,1.0829907957410527e-13,2.5577022065584724e-06,0.011550184490634803,0.9884472578070503
1,9.035787636777708e-11,0.9999779066988103,2.2093210831784373e-05,5.1558973625670386e-20,1.1686352361002724e-24
4,2.2840275920892548e-100,8.03541028924484e-78,5.937010189316984e-35,1.1528181660511158e-20,1.0
1,4.389277467262109e-05,0.99949995179685,0.00045615542833092826,1.4637245086902368e-13,3.921214287962689e-20
2,2.897419817331184e-08,0.001650676197109439,0.8284071923286298,0.16878008470596906,0.001162017794093412
3,3.728175233431002e-09,9.67122665230532e-08,0.002579882368685407,0.104709246621775,0.8927107705690978
1,9.32003934920434e-05,0.9956912816472104,0.00420003740604898,1.5480379409176268e-05,1.7383934342794665e-10
1,2.24059856598378e-10,0.9525918245647521,0.047408152951894496,7.18718468351154e-09,1.507210890198223e-08
4,9.175582616895604e-57,8.068951637911342e-35,3.1682528349758576e-25,1.259235415835941e-31,1.0
4,6.175086345652773e-11,1.0925893932570155e-06,0.05116535488760588,0.7895443940653855,0.1592891583958646
4,2.7872023609847883e-16,4.694024783402934e-13,0.00012478106595315298,0.3013050505714069,0.6985701683621702
1,4.6749142805860117e-05,0.9842453638193908,0.015707881241169747,5.796633616207279e-09,4.8666071138120686e-17
3,1.131234819625918e-09,5.379276445373132e-06,0.13284977717881286,0.7645549895385251,0.10258985287498187
2,2.0885802003125416e-06,0.13483526622370726,0.8598360094110117,0.005326633013734162,2.7713466740359315e-09
1,0.0005255490502035128,0.999473006280389,1.4446694074945694e-06,3.9890886269426423e-20,1.7727216392345244e-21
1,0.0002589265925995911,0.9996478758040883,9.319759258497912e-05,1.0726921838922313e-11,1.4673663202953702e-26
1,0.003176735926668511,0.7329231809976452,0.26368963422546254,0.00021044885022364,4.513623776950757e-18
2,5.089423307199064e-16,0.0023012610216120487,0.9966156786019194,0.0010830603752894324,1.178570659157471e-12
2,4.913479362196066e-13,0.0001066549142282284,0.99019455925017,0.009698785824475774,1.0634807040732166e-11
2,3.791039040225213e-10,0.16055778834769802,0.8394420984311927,1.1280459696967202e-07,3.7408475458861024e-11
1,0.016946314454135022,0.9735515290634744,0.009501790317481582,3.6594219300474896e-07,2.2271596466926672e-10
4,2.875192775000285e-07,2.5181868461490464e-05,0.3904340131485501,4.424447439031697e-06,0.6095360930162719
2,5.637671050857179e-17,0.0004160591146753955,0.9970290679367245,0.002554872948346154,2.53881205782393e-13
4,1.65314766483285e-27,1.5747349442367721e-25,5.261599122085491e-10,0.0023355530901990715,0.997664446383641
1,4.961291300226696e-12,0.008065516314960311,0.9919344836800781,3.091311135483746e-16,3.94634155424737e-32
2,1.0134607618314963e-07,0.006258183058134639,0.9523846248358705,0.040915962727615,0.0004411280323038241
1,0.000254529562078675,0.9990465109704483,0.0006989526547319753,6.805712915736703e-09,7.02786545172e-12
3,6.616326137482002e-10,8.925509612982066e-07,0.025032074625175146,0.22551682281016153,0.7494502093520694
3,6.139294021052001e-54,2.266731001093185e-19,0.9999999999390312,6.095537228841428e-11,1.3260080299750997e-14
4,3.5867458264257453e-45,2.5287705828753183e-27,5.54095196221825e-15,2.0017180593290245e-14,0.9999999999999745
4,4.098442410912405e-30,7.009375835767708e-22,5.714485673060449e-05,0.004845886684171217,0.9950969684590982
2,5.475898526542819e-12,0.9902224571068505,0.009777542887673407,3.096010321363443e-18,3.502124205551061e-21
0,0.016323026061403526,0.9613130217174974,0.022353038511387598,1.091370970565684e-05,5.749181597323595e-15
0,0.9988398193180665,0.0011465334623021691,1.36471715428932e-05,4.808828184148764e-11,1.0838831622786925e-22
1,0.002627819564485591,0.944407001619622,0.05294805757894813,1.6997365757478954e-05,1.2387118668249454e-07
0,0.9945991891742826,0.005400736546686677,7.427887741893785e-08,1.5334252700380666e-13,7.342590118172262e-19
2,1.1136801841961294e-21,3.2249850984049974e-09,0.9241214716224494,0.07587852515177755,7.878666229526019e-13
1,1.842717121709298e-05,0.9999553025191902,2.6270309592778274e-05,4.50288493146974e-17,1.8931945979807685e-19
0,0.010962730358076801,0.98868917846996,0.0003480911684990738,1.8757781661081278e-14,3.4455816288069017e-12
2,1.4940989892844702e-05,0.3321868577245417,0.6517524348727124,0.016037589995522242,8.176417330962468e-06
4,2.544184267182292e-71,7.604752630402819e-57,4.722784457040005e-25,1.1351835789851697e-46,1.0
4,3.9341228002941934e-17,9.439914120014787e-10,0.0009955656568329712,0.05825339765832278,0.9407510357408527
2,3.9701184954181965e-08,0.004972476746497443,0.9780136339232938,0.01701382155430373,2.807472017145515e-08
1,0.0014871694176838827,0.9787096341251597,0.01979967257144904,3.5238857069268542e-06,3.9060593269333757e-16
2,1.2117121829188818e-06,0.2266086138780026,0.7732094159532367,0.00018075837660765854,7.99701814074166e-11
2,4.2324453294236045e-13,1.0357116956353398e-06,0.21670467663312687,0.6471791021171306,0.13611518553762367
2,7.960396401675667e-11,0.00020082866245965377,0.9780133181327129,0.02173633833638419,4.95147888392422e-05
2,9.729415732894626e-13,0.00015606982332794063,0.9986505797561704,0.0011931888596004,1.615599281596514e-07
2,1.9571910950987178e-09,0.13998264946207797,0.8600148180000341,2.530580567949802e-06,1.2898339776579745e-13
2,3.74527309345706e-06,0.8017148396254306,0.19753664778732252,0.0007447669129748135,4.011787566149476e-10
1,5.189891782913491e-15,8.07568196141768e-07,0.9998831134129069,0.00010873416697851749,7.34485191336862e-06
4,3.1759945336382018e-118,3.662753632601438e-87,1.2160557177283402e-40,4.485344489583575e-66,1.0
4,7.26726196811668e-24,1.7020252254537116e-11,0.0006537899926287243,0.002760727115304842,0.9965854828750462
1,1.365058652953591e-06,0.9921892820176675,0.0078093503730686875,2.5506107815970123e-09,7.50049960332552e-20
1,2.573731617062168e-10,0.007149907232032203,0.9888943662183151,0.003955726038977728,2.5330184683644177e-10
1,4.359822534954871e-06,0.998747057332966,0.0012485828442685878,2.295150643674204e-13,8.371358905617613e-16
4,1.5937962325895774e-38,1.4308202335683889e-19,1.597258567706744e-11,1.7094736380248983e-24,0.9999999999840274
3,1.8597031004943253e-29,4.1236638565829805e-21,0.008780193648539023,0.0006071012931786583,0.9906127050582824
4,4.478038503049003e-24,1.7275408478967285e-17,9.112191126211089e-05,0.9981634805643053,0.0017453975244326489
2,1.0487391663588452e-13,4.92873753579678e-05,0.9938033085325195,0.006147404091974557,4.3053866124321785e-14
2,4.1930801222834854e-07,0.0007017273391703888,0.9989333628829506,0.00036053472838775373,3.955741478897389e-06
1,2.127967282265734e-06,0.8721405115785784,0.1278571076191391,2.5283500031890065e-07,5.980194782610664e-17
1,0.0005504192331818232,0.9796980652109646,0.019749326307364267,2.1892484892388016e-06,4.84826345741236e-19
3,1.9638661225065385e-16,8.042809813309699e-09,0.0014519568693893209,0.9971524336977513,0.0013956013900494287
3,3.0028187463409814e-32,9.94828566511e-19,3.6753152314748845e-05,0.00703909684355192,0.9929241500041334
1,0.000415668901991886,0.9307162431736887,0.06886197954717575,6.108375804350557e-06,1.3394322658627044e-12
2,3.8544322741028955e-09,0.0006404624943451752,0.9166071178219867,0.08259802731989735,0.00015438850933850018
1,9.084074758551058e-39,7.564623306376369e-14,0.9999937178936951,6.282106229287686e-06,1.7419493299958766e-23
0,0.9949861085572104,0.004875121676727207,0.00013875828459952155,1.1481462844603958e-08,3.7450008620118734e-20
1,1.8069968949892068e-08,0.8996924510242221,0.10030753031401196,5.914000460483338e-10,3.969314418067588e-13
1,1.0521142241563676e-06,0.9977678945272311,0.0022310475873299224,5.77121464512243e-09,3.2546781067631465e-16
1,8.1971684728862e-05,0.9911730526704282,0.00874490849769127,6.714715165044465e-08,3.7875988279599865e-23
4,1.2360743498890794e-23,4.903128503394808e-25,1.0483540679885193e-12,7.510546208358179e-08,0.9999999248934895
2,4.474320523833988e-12,0.00027507519987080454,0.9772999462229615,0.02242497747681574,1.0958779288201925e-09
3,5.747894373892352e-18,4.981167528010638e-09,0.16435958615846763,0.7820325698934063,0.05360783896695859
2,3.586739424410537e-13,0.001199046142308467,0.9907724356390737,0.008027999186602793,5.190316563004876e-07
3,2.662285609732867e-11,1.0686543981609336e-07,0.012591167785869958,0.903910890435838,0.08349783488622939
1,7.005980629752961e-05,0.9997529029357315,0.0001769875371848777,4.972076845890095e-08,1.7450386131326756e-14
2,1.7545515067951304e-10,0.03324482835545576,0.9666976331986032,5.7538242952468274e-05,2.7533362122168198e-11
1,2.6696079982686753e-06,0.999985829416896,1.1500975105696161e-05,1.688564604546497e-16,1.2722725921868504e-19
4,1.9398009412335567e-13,1.4665703867621124e-11,0.00014022574685879714,1.3541697671236714e-09,0.9998597728841119
1,0.0003072737129948484,0.966651690640531,0.03304067925357649,3.5637166115358655e-07,2.1236593564455445e-11
3,1.0681019922129254e-33,8.30962437953334e-19,1.7167830720508076e-05,0.8106422390125975,0.18934059315668206
3,9.183191791865965e-12,7.03936861963446e-06,0.18065976375983026,0.8169731417312622,0.0023600551311048342
4,2.0172987372015317e-105,1.4207950581172892e-83,2.7721364733726515e-38,1.024785419198152e-64,1.0
4,1.4262801458875403e-32,1.0022872614636888e-29,4.022942322391763e-12,0.00022017386090730543,0.9997798261350698
1,0.2850952221777762,0.7131606007362701,0.0017435545827253018,6.209965106518214e-07,1.5067178804396256e-09
2,9.800908838435692e-18,0.00024236824301742709,0.9994988834189191,0.0002587483380609838,2.562985892145205e-15
4,1.7312051919209107e-33,1.475779995077787e-15,2.122989863053397e-10,3.4164053322545866e-22,0.9999999997876996
2,3.87061921592161e-08,0.0010653514410715438,0.7608845198013366,0.23702542395990733,0.0010246660914923944
2,1.4666509427669214e-18,0.00024829067366623404,0.9997480358213773,3.6735049563011433e-06,1.7889973358158392e-16
1,0.00011082955430104436,0.9998891013801786,6.906372442888082e-08,3.6813971603200227e-13,1.4277146586239559e-12
2,6.62159025489339e-20,6.429269759414978e-07,0.7000006163994432,0.29999375673172585,4.983941855066655e-06
2,7.653219827633157e-10,0.0001566061931808601,0.5179859747596273,0.479861403635141,0.0019960146467288935
2,4.990559976985148e-05,0.07302082687078441,0.8095154710800609,0.11728832172218921,0.00012547472719570937
1,0.003201991619174401,0.8800824694807923,0.11671241566247226,3.1231215466699334e-06,1.1601442200930456e-10
1,0.03426129070434918,0.9657305630532607,8.146242354797578e-06,3.516361258242509e-14,2.857216441362784e-16
1,0.0015229379386438007,0.9983353398279454,0.00014171426059678726,7.972772804453499e-09,4.1172224238774325e-14
1,0.0018515022131643526,0.990055888646655,0.007422175241534758,0.0006703520215934924,8.187705245962126e-08
2,4.7938959113531695e-22,1.3507666603529526e-08,0.9998002221490115,3.0287820871858145e-09,0.00019976131453984313
1,0.007398714438322562,0.9888719955480803,0.003729140930071323,1.4907844512572778e-07,5.080770086381555e-12
2,8.142038267498883e-07,0.8373560242747268,0.16264267446036854,4.87061040564138e-07,3.724629609462004e-14
2,0.006339878101046151,0.23732064661099161,0.7550031149072539,0.0011534675727697657,0.00018289280793868328
4,1.94775414674116e-71,2.1650888351966643e-50,1.0035754889113921e-25,1.115124281302186e-46,1.0
1,1.216367500739454e-06,0.10361070138371861,0.8813986873958222,0.01498939483535957,1.7598721958640945e-11
2,4.787819127793962e-18,2.6232522765911182e-05,0.9999695810967515,4.186370521324167e-06,9.961367669029429e-12
4,1.624056447193447e-114,1.1762914084810823e-91,9.153127476307782e-41,2.60772178608264e-66,1.0
1,4.6295726766748e-05,0.9991931719622,0.0007602770650791068,2.552455909065483e-07,3.632096808196205e-13
3,4.943977310197994e-25,1.278084981694897e-09,0.2640723893248243,0.019965677181683888,0.7159619322154069
1,0.1886847401866561,0.809679572208,0.0016355807791987077,1.0680500137355466e-07,2.1143801292303276e-11
0,0.0015683412540378925,0.9984311689380349,4.898074613755894e-07,4.658730023074959e-13,2.554177333415196e-17
4,5.1735838608670045e-18,3.0466591957837996e-12,0.001636630054780029,0.9464042729158032,0.05195909702637017
2,3.576708324572898e-14,0.00027564660033062657,0.9995592738475286,0.0001650779710880937,1.5810167860146316e-09
1,0.9983435065193257,0.0015390908394421168,0.00011739467205314822,7.969179158062409e-09,2.970568886075366e-18
4,5.968897083732145e-11,1.3201983902454612e-08,0.002027157424733957,0.0007256834727886694,0.9972471458408045
1,0.2583903608498294,0.7012445300601774,0.04036440669921029,2.9236540742044834e-07,4.1002537554572435e-07
4,4.6022973076842044e-42,5.553481167385834e-26,8.402128168723744e-20,2.273119788546359e-25,1.0
4,4.9861703456349436e-09,1.0521060900752054e-07,0.009501337894162559,3.81885768775028e-07,0.9904981700232892
4,1.895524872102126e-44,4.2161131586945415e-40,1.5344463881344505e-19,3.5725710551212624e-11,0.9999999999642744
1,0.3945546495874707,0.5528948663414214,0.05209167955637453,0.00045880426039510727,2.543383144431534e-10
1,2.4267741104196064e-05,0.9751059397562641,0.024869602506633667,1.899959981654071e-07,1.7408649155553374e-19
3,1.661929567962712e-16,9.618953536429349e-09,0.6541441727591628,0.34584782524811486,7.992373768724508e-06
3,7.158168542758594e-36,1.0911845431812803e-16,6.539793870787463e-05,0.9999336156793237,9.863819684458062e-07
1,1.903612688766754e-39,3.974069300500005e-12,0.9999999999960258,7.158553181470334e-27,7.598287029350124e-34
2,1.2630444787625473e-12,6.120700265144138e-05,0.9601396352434166,0.039799157602020414,1.5064854902917355e-10
1,2.9473994378321882e-18,4.195670017109797e-05,0.999943642580976,1.4400565450950153e-05,1.5340201148737997e-10
1,0.6145051058574127,0.38151716804223745,0.003976128316085862,1.597577949971794e-06,2.0631420741516075e-10
2,5.18752162786996e-20,2.855412806544501e-10,0.00018015320304368867,0.9998181908757083,1.6556357065431042e-06
4,1.0940757599509491e-83,1.5485291193408443e-71,2.022750006537491e-31,1.2142266723142087e-49,1.0
3,1.2968580051331416e-11,1.4147888234661479e-09,0.0005461200780885934,0.29123158734113436,0.7082222911530196
4,6.553557220911231e-11,1.8555428643201345e-09,0.0034527425703758502,1.4166504196885302e-07,0.9965471138435037
2,5.593653584400983e-20,2.757735537482665e-10,0.06031095444160392,0.9382538005065009,0.0014352447761218415
2,2.976293425435762e-69,5.955135293075943e-55,5.174226792970113e-15,1.5485115407990748e-15,0.9999999999999933
1,0.3327154379163107,0.666799852795111,0.0004846868425976111,2.2424564126953534e-08,2.1416673106095042e-11
2,8.605052005133576e-17,0.00024691370927433726,0.9966405294081289,0.0031125568822520217,3.444881027013126e-13
1,0.2011740255719049,0.7988259487203204,2.5707774561225543e-08,1.3993305949455557e-18,5.081372318471439e-20
2,6.144715824106639e-13,0.010063044290096242,0.9899369486841866,7.022291175421249e-09,2.811552198043473e-12
3,2.6959828283908454e-14,0.000525910497851299,0.9983287940487211,0.0011452936693201533,1.7840803034151572e-09
4,2.042051020759066e-06,8.101376590263964e-05,0.9967939919764712,1.6430826652828903e-07,0.003122787898338846
4,4.137217532511964e-09,8.376000555489057e-05,0.02414524693513353,0.8999024051035445,0.07586858381854952
2,6.330965811991113e-15,2.5426903336017334e-05,0.9550434441684491,0.044931121506388644,7.421819791525682e-09
2,6.536047389715711e-12,0.00023016732010167366,0.9833845405831355,0.016385291922444176,1.6778272897417933e-10
4,9.910179154285152e-33,8.125589972971135e-20,5.597505714462742e-06,0.021648052180113186,0.9783463503141723
1,8.501265287986727e-05,0.9999032328987936,1.1754448326304449e-05,2.0527365066984397e-16,9.778854757469904e-30
2,1.9065225404058043e-05,0.042272288672176715,0.9267585451452557,0.030903518267825645,4.658268933781572e-05
3,1.1654510501081428e-23,3.1793532449526404e-15,0.00046669845653942083,0.9995332594817644,4.206169289577179e-08
2,5.9590302386258555e-06,0.0072618331605895006,0.9725799652986548,0.02013993060903312,1.2311901483892483e-05
0,0.9151635029824502,0.08483076281297691,5.734054620744311e-06,1.4995228824436946e-10,3.0182654813486844e-17
1,0.6063618260182705,0.39341420228968504,0.00022395711664976848,1.4496188701955594e-08,7.920603297063431e-11
2,5.322786683640047e-07,0.009091011101659238,0.9219116093958823,0.06880401118140192,0.00019283604238810783
3,1.934154362986678e-23,3.779385612227836e-11,0.025969678436757175,0.6856896669055581,0.2883406546198909
1,0.11025689543786853,0.859379153718724,0.03031352453023913,5.04246978572328e-05,1.6153109738071787e-09
4,2.310103821391427e-19,6.802553047121165e-21,9.631608635698492e-10,9.14728333502545e-06,0.999990851753504
2,5.274239399473939e-09,0.14254307448940864,0.8574129570652483,4.396315385660727e-05,1.7247000609839406e-11
3,5.321144335873174e-25,3.608420428513711e-12,0.23754264683134363,0.7624571097892276,2.433758203412741e-07
2,7.577697497102407e-07,0.004434052440521085,0.9955651895709927,2.1251352944709426e-10,6.2230174387909006e-12
4,8.542558915714087e-17,3.4028620603524144e-15,3.2594405184226677e-13,5.734160487495854e-17,0.9999999999996705
2,1.0748430271192398e-14,1.3420689196468533e-06,0.9999985482503412,1.0187024102986453e-07,7.810487452404643e-09
1,5.953108379690366e-07,0.9935936420536574,0.006405761967622995,6.678815842836724e-10,7.600319299086904e-21
3,3.6491221734044664e-14,2.5490474685173174e-08,0.033984929811226534,0.8815520591936078,0.08446298550465438
4,5.475075871458834e-22,2.573744752208881e-13,0.08205907277128882,0.9134790949321372,0.0044618322963164555
4,4.006928346468372e-08,0.07317685359863177,0.9250157103416319,0.0017574936716436068,4.9902318809316665e-05
4,1.6862567781660453e-53,8.310896781571562e-44,2.3110934208474964e-18,2.916276546556577e-08,0.9999999708372345
4,2.0965257895060376e-20,2.4690821344720893e-16,1.2220101269664929e-05,0.09936458994409873,0.9006231899546313
1,2.8227134154491255e-11,3.939442311423123e-06,0.3509589916605436,0.6446551557451521,0.004381913123765874
3,8.317988907833948e-20,2.0273369371460096e-08,0.9857545213751672,0.01424545801640062,3.3506284237241496e-10
1,3.237119913930623e-09,0.9999965895032886,3.4072595912888353e-06,9.193206818036782e-22,1.7395660056316322e-25
2,7.568459653357819e-18,3.0019622853235322e-05,0.9999628183288303,7.1620356762378295e-06,1.2640372470694021e-11
2,6.6373413818425164e-12,2.0102935686013877e-05,0.7200152681789256,0.27996415459371055,4.742850405003427e-07
3,2.0490080610248376e-25,1.6631421113004266e-09,0.01798355154249401,0.9820162721378395,1.7465652447063498e-07
1,7.679630810398845e-05,0.9972964817809591,0.002626702609551117,1.930110535973968e-08,2.8064578325548496e-13
2,1.510982269660312e-11,0.00018811408781523224,0.9861562517119997,0.013615388370365768,4.024581470935096e-05
1,0.004533222070602359,0.9931816123574406,0.0022838738666367086,1.2758666924680588e-06,1.5838627814545095e-08
4,1.1250311008817588e-35,4.4415760926690276e-33,2.2524776109048505e-16,4.2734843079091696e-11,0.9999999999572649
4,1.3783925526992082e-13,1.1741611442287739e-11,0.00012326537760713193,1.8075751520594825e-10,0.9998767344297559
3,4.954813776474888e-09,0.9757514779021449,0.02424851714169278,1.3484735571049488e-12,4.702468613935452e-17
3,2.8882212535553176e-19,4.0326288929276204e-12,0.0016968897682213889,0.988450317911308,0.009852792316438161
1,6.98006441772553e-08,0.9997899331483815,0.00020999704417729454,6.7972188753081e-12,1.5244075416406896e-21
3,6.816175524387175e-38,1.2654895353263548e-12,0.009606827374385847,0.9903931726243476,1.0682691154385598e-15
4,5.401508042603698e-37,2.8238676853132982e-27,4.288367484079576e-06,0.0017539830268083739,0.9982417286057075
2,6.2173219390105904e-15,0.004392462837506649,0.9858413201756434,0.009766216986738912,1.0483066193095145e-13
2,1.0852537382608811e-13,0.0018934258282574518,0.998104501257475,2.0725267298154326e-06,3.874292865512367e-10
3,5.380310627279171e-22,2.187832288354917e-11,0.0046756285984038085,0.9952940142073188,3.0357172399113842e-05
3,2.6768382127343628e-17,6.442908436916296e-09,0.5041556470204567,0.4931381157052084,0.002706230831426596
4,9.901935604480235e-13,1.9579790531211237e-12,1.4189481325630413e-10,2.565152469712862e-14,0.9999999998551314
3,1.1087485381647963e-10,1.5907872454530736e-06,0.045027703688976045,0.7951417648743683,0.15982894053853539
2,3.8824870566078915e-05,0.011723976499584095,0.7034384770872671,0.2841772808781878,0.0006214406643949126
2,0.0028860866392236228,0.9970643567291113,4.955663162979359e-05,3.5174559191381805e-14,9.157796668743647e-17
3,1.1366580721492388e-18,8.523337737004982e-10,0.048676788355263505,0.9121427741218424,0.039180436670560384
3,3.020213452886659e-26,4.903616729623399e-14,0.021837165568391537,0.9765279099268014,0.001634924504757945
1,4.639374953238862e-07,0.9996338613166619,0.00036567474554084805,3.0192305214894216e-13,2.6579590940670278e-21
1,0.00015042763222262334,0.9980282193273987,0.0018213500578215514,2.9825570589252697e-09,6.123213697201871e-23
1,0.18646307871531295,0.8121087992231691,0.0014280404213413852,8.161340555076601e-08,2.6770916186203397e-11
0,0.9648158158844466,0.03517817753984763,6.006573785542533e-06,1.9203141852881085e-12,1.7012866796507772e-25
1,0.0035139250160877945,0.989715910354997,0.006769835411630822,3.29217284617758e-07,3.1043922402884772e-18
1,1.4340339321274973e-11,0.9950370366572294,0.004962956673026984,6.655403304327957e-09,9.002233254908343e-18
2,2.8828414047975194e-16,6.988729998018734e-06,0.9951624646346474,0.004830416498993266,1.3013636116965282e-07
4,1.413156296769439e-25,6.898823712470563e-11,0.00478131749768272,0.009590595305888329,0.9856280871274407
1,9.367517806159788e-07,0.0010098284719822477,0.42001870633767663,0.5461248703920403,0.03284565804652012
2,5.21785994342353e-14,6.303782930263253e-05,0.9950604312557783,0.004876530912367032,2.499952602884824e-12
2,1.640237789286766e-18,3.483113827741188e-09,0.11612698820867863,0.7938299710542993,0.09004303725390815
2,2.7513102129182186e-07,0.018872208901610062,0.9630350809304528,0.018046171274617422,4.626376229861657e-05
3,4.95769051209245e-21,2.445612907166196e-11,0.0026225093059924864,0.9972943624739009,8.312819565055231e-05
2,7.548154071436468e-15,0.0007357875634051626,0.9992623405968133,1.8715689164690586e-06,2.708575376167156e-10
1,0.00113937414282095,0.998294535909933,0.0005660891890751587,7.581710304045507e-10,6.688624579235542e-25
1,0.039787973442859365,0.8432532821304513,0.1169165174988567,4.222457785307484e-05,2.3499795951528805e-09
3,9.95201755989033e-13,5.5459033108038187e-08,0.0423378438192729,0.8673315755658467,0.09033052515485211
4,6.742711338648938e-116,9.351057666768014e-91,9.047640873022926e-42,2.622108298835071e-67,1.0
4,9.055364177645991e-15,1.0893674691889722e-09,0.0007067348546509492,0.997962672593522,0.0013305914624504222
1,0.0026995546047128504,0.8825665603527858,0.11471321149210391,2.0609191302014637e-05,6.435909549265906e-08
2,6.093549543588646e-19,2.4353294571382993e-12,0.00305450375894778,0.09661962958202949,0.9003258666565873
2,3.026579815273574e-16,0.0018480333160021867,0.9972525302923412,0.000899436388565547,3.0907592100833886e-12
2,1.1736243338954374e-14,1.4529544549647522e-05,0.9999849041435807,5.663112939922913e-07,5.640591472769654e-13
2,6.43331375434248e-10,0.01880948807228239,0.9810984016457558,9.210963863027585e-05,6.588491087505184e-17
2,2.526092782613972e-14,1.1503057823966145e-05,0.991271414777513,0.00871567883563322,1.4033290044335497e-06
4,4.6002153805411915e-21,2.804711160874508e-11,0.23694057480985078,0.7622860426960179,0.0007733824660843244
2,2.139069503541863e-18,1.4351416106719254e-08,0.20013248882932919,0.7997139723354747,0.00015352448378009936
2,3.081078256594803e-18,0.00011663353477152099,0.9993472382800223,0.0005361281847377972,4.683797351074903e-13
3,1.2531091843128512e-23,9.560371811651645e-11,0.9002256071221065,0.09977438751533405,5.26695564516835e-09
1,1.0001172478726565e-07,0.9597937382683689,0.04020615814794794,3.571958233412119e-09,5.759990394016901e-21
4,2.0466736750166024e-11,9.119668969694118e-11,6.183735461809539e-09,1.095157534630487e-12,0.999999993703506
2,9.291533158197295e-13,0.006801388778954194,0.993195814732559,1.3487385395461578e-07,2.661613703604261e-06
4,7.466484590925195e-32,2.7386056480268555e-19,3.9021650908617463e-20,2.8672941587955003e-27,1.0
0,0.7329360618272209,0.2670266456734532,3.729199772105348e-05,5.013741042158259e-10,2.306311343744734e-13
1,3.093044441200102e-05,0.9999529703373199,1.6099218268145853e-05,1.8138218145952675e-18,5.579357104816264e-20
3,1.3878638303764866e-09,0.00081466895350159,0.9656449919495953,0.03353517193161545,5.165777423740657e-06
2,9.133208295452022e-16,7.205263781996692e-05,0.9642931982059578,0.03563464075644515,1.0839977597283736e-07
3,1.543165086943443e-21,9.434885936089436e-08,0.799020813022365,0.20046725362006987,0.0005118390087056995
3,1.028623845302406e-10,2.7905932576055845e-07,0.01452761131196359,0.846156695334642,0.1393154141912062
4,1.5840660108882726e-22,5.280021208975755e-14,0.00011430940379307522,0.009134516699195789,0.9907511738969583
2,1.4702065476899918e-09,0.9957483810606264,0.004251617452646593,1.6520348741366413e-11,1.7493841584964777e-18
3,2.6609662030755126e-11,1.0651979215222262e-07,0.012582579921472218,0.9038034247602724,0.0836138887718534
3,3.921152037335922e-20,5.612292515644372e-12,0.993332138700441,0.005883588667001453,0.0007842726269454301
2,4.4804160102995545e-27,1.8729152724609937e-11,0.998534213666775,0.0014657815927330495,4.721762821214528e-09
2,0.0005703877072425342,0.5607837298926559,0.3655477219418444,0.07307355643170782,2.460402654935087e-05
3,2.267483915515749e-27,1.07778480433636e-16,3.4464910684098784e-05,0.19893083450880156,0.8010347005805142
2,3.0826213917142083e-10,0.0011241762868295685,0.9896733209050955,0.009202501775508657,7.243038949925722e-10
4,2.4342818479675137e-118,7.225843147057573e-96,8.801112882434171e-44,9.861873054651647e-74,1.0
4,3.0126852381607563e-13,3.4821208437678987e-12,9.904237098236463e-10,1.7708550042979834e-13,0.9999999990056159
2,5.8011758733609e-13,0.012121215658290573,0.9878787053628746,7.896861372351492e-08,9.640923750761756e-12
1,0.0007738887038916025,0.9409772051960557,0.05817106351209949,7.783560749754995e-05,6.980455556639797e-09
1,0.43827162835710043,0.5617068320811671,2.1539532643195495e-05,1.2236832262715942e-11,1.685247939793369e-11
1,8.569758008316587e-06,0.9996681324421527,0.0003232977988413913,9.97702226585866e-13,1.0979902254284244e-20
3,8.384725780918497e-23,1.6808576230980164e-10,0.0823089253326342,0.9176774559501493,1.3618549130809493e-05
1,4.6028054936155115e-09,0.005593059379090511,0.003444346761939155,0.07116087943695075,0.919801709819214
4,6.963036060816018e-109,3.851990539155875e-96,5.6036023307914626e-39,8.851000084778061e-66,1.0
2,0.01757563634550429,0.2833338575003499,0.6919586455978431,0.007130960643258831,8.99913043727321e-07
0,0.9095465648898073,0.09045315792480721,2.7718310359184424e-07,2.2820076394188802e-12,1.4864711861723787e-24
1,1.27271494647291e-23,2.064070427219937e-10,0.9999818133110252,1.8186482011264576e-05,5.565193941256983e-13
1,0.1102054535960851,0.8882151061164306,0.0015794006894131122,3.95877287892616e-08,1.0342294340070577e-11
2,8.270090975515928e-37,2.699328509922e-17,0.8659144270210173,0.0004696526425781826,0.13361592033640454
2,7.896154440123953e-15,3.622623658530871e-07,0.9945745711461521,0.0044657814652234225,0.0009592851262506353
2,0.07119034416538085,0.91404366957833,0.014759391770507647,6.547257123975127e-06,4.7228657497265216e-08
1,0.0021459998097699876,0.9781669297734046,0.019684959675673297,2.1107411520132037e-06,1.1722539860712204e-19
2,1.7810648676535645e-19,0.00029818490638983136,0.48379001299978996,0.015767528339423954,0.5001442737543963
1,4.737605142082479e-05,0.9997183444449831,0.00023427950359602217,4.986225289090893e-17,1.3111068998920464e-18
